   W         M3+(pi0_p)
 (MeV)      Re         Im
 1080.0    0.000036  -0.000004
 1085.0    0.000084  -0.000008
 1090.0    0.000145  -0.000015
 1095.0    0.000217  -0.000022
 1100.0    0.000300  -0.000031
 1105.0    0.000394  -0.000041
 1110.0    0.000497  -0.000052
 1115.0    0.000611  -0.000065
 1120.0    0.000734  -0.000079
 1125.0    0.000868  -0.000094
 1130.0    0.001012  -0.000111
 1135.0    0.001167  -0.000129
 1140.0    0.001333  -0.000149
 1145.0    0.001511  -0.000170
 1150.0    0.001701  -0.000192
 1155.0    0.001904  -0.000216
 1160.0    0.002120  -0.000242
 1165.0    0.002350  -0.000269
 1170.0    0.002594  -0.000298
 1175.0    0.002854  -0.000329
 1180.0    0.003131  -0.000361
 1185.0    0.003424  -0.000395
 1190.0    0.003736  -0.000431
 1195.0    0.004067  -0.000468
 1200.0    0.004418  -0.000507
 1205.0    0.004791  -0.000548
 1210.0    0.005185  -0.000590
 1215.0    0.005603  -0.000633
 1220.0    0.006046  -0.000679
 1225.0    0.006515  -0.000725
 1230.0    0.007011  -0.000773
 1235.0    0.007536  -0.000823
 1240.0    0.008090  -0.000873
 1245.0    0.008676  -0.000925
 1250.0    0.009294  -0.000978
 1255.0    0.009947  -0.001032
 1260.0    0.010635  -0.001086
 1265.0    0.011358  -0.001143
 1270.0    0.012127  -0.001196
 1275.0    0.012928  -0.001253
 1280.0    0.013776  -0.001309
 1285.0    0.014665  -0.001366
 1290.0    0.015600  -0.001423
 1295.0    0.016581  -0.001478
 1300.0    0.017611  -0.001533
 1305.0    0.018690  -0.001589
 1310.0    0.019821  -0.001642
 1315.0    0.021006  -0.001694
 1320.0    0.022246  -0.001744
 1325.0    0.023540  -0.001794
 1330.0    0.024895  -0.001840
 1335.0    0.026309  -0.001883
 1340.0    0.027786  -0.001923
 1345.0    0.029326  -0.001960
 1350.0    0.030917  -0.001997
 1355.0    0.032601  -0.002023
 1360.0    0.034342  -0.002047
 1365.0    0.036153  -0.002066
 1370.0    0.038036  -0.002079
 1375.0    0.039993  -0.002086
 1380.0    0.042026  -0.002085
 1385.0    0.044140  -0.002078
 1390.0    0.046320  -0.002061
 1395.0    0.048590  -0.002036
 1400.0    0.050941  -0.002002
 1405.0    0.053376  -0.001957
 1410.0    0.055896  -0.001900
 1415.0    0.058504  -0.001832
 1420.0    0.061201  -0.001750
 1425.0    0.063989  -0.001655
 1430.0    0.066870  -0.001544
 1435.0    0.069854  -0.001422
 1440.0    0.072913  -0.001273
 1445.0    0.076081  -0.001110
 1450.0    0.079349  -0.000928
 1455.0    0.082718  -0.000725
 1460.0    0.086189  -0.000499
 1465.0    0.089766  -0.000250
 1470.0    0.093449   0.000026
 1475.0    0.097241   0.000329
 1480.0    0.101143   0.000660
 1485.0    0.105158   0.001023
 1490.0    0.109287   0.001419
 1495.0    0.113532   0.001850
 1500.0    0.117895   0.002318
 1505.0    0.122379   0.002830
 1510.0    0.126986   0.003379
 1515.0    0.131717   0.003975
 1520.0    0.136575   0.004619
 1525.0    0.141563   0.005315
 1530.0    0.146682   0.006065
 1535.0    0.151935   0.006874
 1540.0    0.157325   0.007744
 1545.0    0.162854   0.008681
 1550.0    0.168524   0.009688
 1555.0    0.174339   0.010771
 1560.0    0.180301   0.011933
 1565.0    0.186413   0.013181
 1570.0    0.192677   0.014520
 1575.0    0.199097   0.015957
 1580.0    0.205675   0.017497
 1585.0    0.212415   0.019148
 1590.0    0.219320   0.020918
 1595.0    0.226391   0.022814
 1600.0    0.233633   0.024845
 1605.0    0.241053   0.027024
 1610.0    0.248644   0.029354
 1615.0    0.256417   0.031851
 1620.0    0.264372   0.034525
 1625.0    0.272512   0.037389
 1630.0    0.280840   0.040456
 1635.0    0.289358   0.043740
 1640.0    0.298068   0.047258
 1645.0    0.306973   0.051025
 1650.0    0.316072   0.055060
 1655.0    0.325368   0.059379
 1660.0    0.334860   0.064007
 1665.0    0.344547   0.068964
 1670.0    0.354428   0.074273
 1675.0    0.364501   0.079959
 1680.0    0.374761   0.086048
 1685.0    0.385204   0.092569
 1690.0    0.395823   0.099550
 1695.0    0.406610   0.107022
 1700.0    0.417552   0.115020
 1705.0    0.428638   0.123576
 1710.0    0.439851   0.132728
 1715.0    0.451172   0.142513
 1720.0    0.462579   0.152970
 1725.0    0.474044   0.164141
 1730.0    0.485538   0.176067
 1735.0    0.497023   0.188794
 1740.0    0.508458   0.202366
 1745.0    0.519794   0.216830
 1750.0    0.530976   0.232231
 1755.0    0.541950   0.248617
 1760.0    0.552627   0.266032
 1765.0    0.562938   0.284518
 1770.0    0.572790   0.304117
 1775.0    0.582081   0.324865
 1780.0    0.590700   0.346789
 1785.0    0.598521   0.369913
 1790.0    0.605409   0.394245
 1795.0    0.611217   0.419785
 1800.0    0.615787   0.446515
 1805.0    0.618951   0.474400
 1810.0    0.620533   0.503379
 1815.0    0.620353   0.533372
 1820.0    0.618226   0.564270
 1825.0    0.613972   0.595932
 1830.0    0.607415   0.628186
 1835.0    0.598393   0.660828
 1840.0    0.586770   0.693619
 1845.0    0.572423   0.726289
 1850.0    0.555274   0.758536
 1855.0    0.535281   0.790040
 1860.0    0.512451   0.820457
 1865.0    0.486842   0.849439
 1870.0    0.458572   0.876630
 1875.0    0.427810   0.901699
 1880.0    0.394785   0.924327
 1885.0    0.359775   0.944234
 1890.0    0.323106   0.961183
 1895.0    0.285137   0.974990
 1900.0    0.246251   0.985531
 1905.0    0.206843   0.992746
 1910.0    0.167312   0.996634
 1915.0    0.128041   0.997259
 1920.0    0.089389   0.994737
 1925.0    0.051688   0.989236
 1930.0    0.015223   0.980962
 1935.0   -0.019756   0.970152
 1940.0   -0.053053   0.957064
 1945.0   -0.084510   0.941969
 1950.0   -0.114022   0.925139
 1955.0   -0.141521   0.906845
 1960.0   -0.166977   0.887345
 1965.0   -0.190392   0.866887
 1970.0   -0.211798   0.845697
 1975.0   -0.231251   0.823982
 1980.0   -0.248821   0.801929
 1985.0   -0.264596   0.779703
 1990.0   -0.278672   0.757447
 1995.0   -0.291154   0.735283
 2000.0   -0.302131   0.713310
 2005.0   -0.311713   0.691599
