E = 1427.900 MeV, E_lo = 1424.730 MeV, E_hi = 1431.070 MeV
Systematic = 0.040, Preliminary = 0, CBMAMI_2015_PrakhovEPT
146.440     1.341400     0.063100     0.016807
140.060     1.251800     0.033000     0.015596
134.430     0.921600     0.016500     0.011479
129.300     0.752000     0.010400     0.009372
124.520     0.657500     0.008200     0.008205
120.000     0.612800     0.007300     0.007686
115.680     0.625000     0.007000     0.007826
111.510     0.639000     0.006800     0.008001
107.460     0.672000     0.006600     0.008422
103.490     0.748300     0.007000     0.009375
 99.590     0.812800     0.007300     0.010147
 95.740     0.874100     0.007900     0.010947
 91.910     0.920400     0.008300     0.011522
 88.090     0.918800     0.008400     0.011449
 84.260     0.887500     0.008200     0.011100
 80.410     0.831400     0.008000     0.010374
 76.510     0.737600     0.007400     0.009191
 72.540     0.618600     0.006700     0.007691
 68.490     0.510700     0.006100     0.006343
 64.320     0.452100     0.005800     0.005654
 60.000     0.493000     0.006400     0.006185
 55.480     0.555600     0.007200     0.006940
 50.700     0.786000     0.010300     0.009775
 45.570     1.208400     0.016800     0.015117
 39.940     1.625400     0.026100     0.020357
 33.560     2.011900     0.065200     0.025199
-----------------------------------------------------------
E = 1434.320 MeV, E_lo = 1431.070 MeV, E_hi = 1437.550 MeV
Systematic = 0.040, Preliminary = 0, CBMAMI_2015_PrakhovEPT
146.440     1.332700     0.062000     0.016663
140.060     1.170100     0.032300     0.014730
134.430     0.915100     0.016600     0.011510
129.300     0.740400     0.010500     0.009260
124.520     0.652800     0.008400     0.008144
120.000     0.631900     0.007500     0.007909
115.680     0.620900     0.007100     0.007736
111.510     0.640100     0.007000     0.007960
107.460     0.676400     0.006900     0.008438
103.490     0.747300     0.007200     0.009349
 99.590     0.811300     0.007600     0.010175
 95.740     0.904200     0.008400     0.011325
 91.910     0.923100     0.008600     0.011550
 88.090     0.935300     0.008700     0.011725
 84.260     0.874000     0.008400     0.010949
 80.410     0.821100     0.008100     0.010296
 76.510     0.727000     0.007700     0.009073
 72.540     0.608000     0.006800     0.007603
 68.490     0.493500     0.006000     0.006161
 64.320     0.433000     0.005800     0.005364
 60.000     0.481400     0.006400     0.006040
 55.480     0.558500     0.007300     0.006980
 50.700     0.755100     0.010300     0.009482
 45.570     1.202500     0.017500     0.015078
 39.940     1.588600     0.026700     0.019900
 33.560     2.069200     0.073100     0.025742
-----------------------------------------------------------
E = 1440.800 MeV, E_lo = 1437.550 MeV, E_hi = 1444.040 MeV
Systematic = 0.040, Preliminary = 0, CBMAMI_2015_PrakhovEPT
146.440     1.282300     0.057700     0.016085
140.060     1.245700     0.031900     0.015577
134.430     0.923700     0.016000     0.011493
129.300     0.745200     0.010300     0.009334
124.520     0.671500     0.008200     0.008346
120.000     0.620300     0.007200     0.007779
115.680     0.615500     0.006800     0.007736
111.510     0.647600     0.006800     0.008131
107.460     0.706700     0.006900     0.008822
103.490     0.758500     0.007000     0.009499
 99.590     0.829900     0.007500     0.010373
 95.740     0.899400     0.008000     0.011245
 91.910     0.938200     0.008400     0.011696
 88.090     0.936400     0.008600     0.011674
 84.260     0.898400     0.008400     0.011200
 80.410     0.828700     0.008000     0.010374
 76.510     0.738300     0.007500     0.009239
 72.540     0.610800     0.006800     0.007603
 68.490     0.488500     0.005900     0.006119
 64.320     0.439200     0.005800     0.005510
 60.000     0.464400     0.006100     0.005775
 55.480     0.558100     0.007200     0.006940
 50.700     0.756800     0.010200     0.009443
 45.570     1.192100     0.016600     0.014891
 39.940     1.622500     0.026200     0.020228
 33.560     2.075100     0.068500     0.025807
-----------------------------------------------------------
E = 1447.290 MeV, E_lo = 1444.040 MeV, E_hi = 1450.560 MeV
Systematic = 0.040, Preliminary = 0, CBMAMI_2015_PrakhovEPT
146.440     1.296600     0.055500     0.016143
140.060     1.199100     0.030300     0.014978
134.430     0.930300     0.015900     0.011631
129.300     0.735700     0.010000     0.009217
124.520     0.648100     0.007900     0.008080
120.000     0.589000     0.006900     0.007376
115.680     0.609200     0.006600     0.007645
111.510     0.638000     0.006500     0.007990
107.460     0.681700     0.006500     0.008499
103.490     0.770500     0.006800     0.009644
 99.590     0.829500     0.007200     0.010340
 95.740     0.893800     0.007600     0.011158
 91.910     0.926300     0.008000     0.011611
 88.090     0.938000     0.008200     0.011715
 84.260     0.882200     0.008000     0.010998
 80.410     0.813400     0.007600     0.010175
 76.510     0.710800     0.007100     0.008919
 72.540     0.588900     0.006300     0.007376
 68.490     0.476200     0.005600     0.005990
 64.320     0.420800     0.005500     0.005245
 60.000     0.452100     0.005900     0.005695
 55.480     0.538500     0.006800     0.006776
 50.700     0.705100     0.009000     0.008818
 45.570     1.103800     0.014200     0.013799
 39.940     1.584200     0.024000     0.019779
 33.560     1.957800     0.060800     0.024364
-----------------------------------------------------------
E = 1453.790 MeV, E_lo = 1450.560 MeV, E_hi = 1457.040 MeV
Systematic = 0.040, Preliminary = 0, CBMAMI_2015_PrakhovEPT
146.440     1.285300     0.056700     0.015947
140.060     1.211300     0.030600     0.015048
134.430     0.920600     0.016200     0.011557
129.300     0.735400     0.010200     0.009146
124.520     0.623200     0.007900     0.007797
120.000     0.614700     0.007300     0.007686
115.680     0.614500     0.006900     0.007647
111.510     0.635500     0.006700     0.007954
107.460     0.683200     0.006800     0.008519
103.490     0.783100     0.007300     0.009775
 99.590     0.840900     0.007600     0.010547
 95.740     0.915800     0.008100     0.011419
 91.910     0.941000     0.008500     0.011747
 88.090     0.952000     0.008600     0.011922
 84.260     0.885500     0.008200     0.011100
 80.410     0.831600     0.008000     0.010374
 76.510     0.703300     0.007300     0.008756
 72.540     0.575700     0.006400     0.007155
 68.490     0.459400     0.005700     0.005755
 64.320     0.401000     0.005400     0.005060
 60.000     0.450200     0.006100     0.005628
 55.480     0.530700     0.006800     0.006634
 50.700     0.751900     0.010200     0.009443
 45.570     1.156400     0.016100     0.014400
 39.940     1.636200     0.026700     0.020398
 33.560     2.052300     0.067500     0.025624
-----------------------------------------------------------
E = 1460.280 MeV, E_lo = 1457.040 MeV, E_hi = 1463.510 MeV
Systematic = 0.040, Preliminary = 0, CBMAMI_2015_PrakhovEPT
146.440     1.213500     0.051500     0.015213
140.060     1.211000     0.028900     0.015085
134.430     0.922800     0.015600     0.011533
129.300     0.728400     0.009800     0.009139
124.520     0.643400     0.007800     0.008037
120.000     0.613900     0.007000     0.007692
115.680     0.601300     0.006600     0.007513
111.510     0.642700     0.006400     0.008070
107.460     0.685800     0.006600     0.008549
103.490     0.782800     0.006900     0.009818
 99.590     0.840200     0.007100     0.010530
 95.740     0.921100     0.007800     0.011505
 91.910     0.937700     0.007800     0.011746
 88.090     0.933600     0.008100     0.011663
 84.260     0.883800     0.007800     0.011019
 80.410     0.806500     0.007400     0.010074
 76.510     0.703700     0.006900     0.008822
 72.540     0.565000     0.006100     0.007020
 68.490     0.447000     0.005400     0.005628
 64.320     0.400500     0.005300     0.005020
 60.000     0.433600     0.005900     0.005403
 55.480     0.519400     0.006500     0.006511
 50.700     0.699000     0.008900     0.008777
 45.570     1.075400     0.013600     0.013411
 39.940     1.530800     0.022500     0.019079
 33.560     1.934700     0.058800     0.024239
-----------------------------------------------------------
E = 1466.740 MeV, E_lo = 1463.510 MeV, E_hi = 1469.970 MeV
Systematic = 0.040, Preliminary = 0, CBMAMI_2015_PrakhovEPT
146.440     1.206800     0.050700     0.015097
140.060     1.142500     0.028000     0.014211
134.430     0.928600     0.015400     0.011633
129.300     0.708100     0.009700     0.008805
124.520     0.635000     0.007600     0.007952
120.000     0.590900     0.006900     0.007376
115.680     0.590700     0.006400     0.007422
111.510     0.644500     0.006400     0.008070
107.460     0.693300     0.006400     0.008699
103.490     0.777300     0.006900     0.009695
 99.590     0.850600     0.007100     0.010650
 95.740     0.918300     0.007700     0.011452
 91.910     0.953700     0.007900     0.011920
 88.090     0.953100     0.008100     0.011906
 84.260     0.890300     0.007800     0.011141
 80.410     0.801800     0.007500     0.010000
 76.510     0.691900     0.006800     0.008646
 72.540     0.562500     0.006100     0.007020
 68.490     0.433100     0.005300     0.005447
 64.320     0.382300     0.005300     0.004724
 60.000     0.412100     0.005700     0.005177
 55.480     0.507600     0.006700     0.006305
 50.700     0.695700     0.009000     0.008675
 45.570     1.054600     0.013300     0.013145
 39.940     1.555300     0.022700     0.019461
 33.560     2.021400     0.062200     0.025171
-----------------------------------------------------------
E = 1473.190 MeV, E_lo = 1469.970 MeV, E_hi = 1476.410 MeV
Systematic = 0.040, Preliminary = 0, CBMAMI_2015_PrakhovEPT
146.440     1.324200     0.052800     0.016439
140.060     1.187600     0.028000     0.014862
134.430     0.899000     0.014900     0.011300
129.300     0.735400     0.009900     0.009178
124.520     0.617500     0.007600     0.007673
120.000     0.601900     0.006900     0.007512
115.680     0.608100     0.006700     0.007558
111.510     0.649700     0.006500     0.008118
107.460     0.710900     0.006700     0.008850
103.490     0.792400     0.006900     0.009940
 99.590     0.865400     0.007400     0.010810
 95.740     0.916200     0.007700     0.011452
 91.910     0.952000     0.008100     0.011906
 88.090     0.937400     0.008200     0.011715
 84.260     0.888600     0.007800     0.011141
 80.410     0.792000     0.007300     0.009899
 76.510     0.673800     0.006800     0.008390
 72.540     0.535600     0.006000     0.006708
 68.490     0.416400     0.005300     0.005164
 64.320     0.368700     0.005100     0.004648
 60.000     0.417500     0.005700     0.005177
 55.480     0.501800     0.006600     0.006265
 50.700     0.709800     0.009400     0.008835
 45.570     1.093400     0.014200     0.013655
 39.940     1.558800     0.023300     0.019526
 33.560     1.985700     0.062600     0.024709
-----------------------------------------------------------
E = 1479.640 MeV, E_lo = 1476.410 MeV, E_hi = 1482.880 MeV
Systematic = 0.040, Preliminary = 0, CBMAMI_2015_PrakhovEPT
146.440     1.343800     0.050500     0.016733
140.060     1.160300     0.027100     0.014425
134.430     0.902400     0.014500     0.011327
129.300     0.715000     0.009600     0.008913
124.520     0.622100     0.007500     0.007771
120.000     0.590600     0.006700     0.007424
115.680     0.592200     0.006400     0.007422
111.510     0.627100     0.006200     0.007846
107.460     0.713200     0.006400     0.008947
103.490     0.790300     0.006600     0.009902
 99.590     0.865000     0.007000     0.010836
 95.740     0.917400     0.007300     0.011475
 91.910     0.968500     0.007800     0.012105
 88.090     0.932400     0.007800     0.011626
 84.260     0.878600     0.007500     0.010984
 80.410     0.802300     0.007100     0.010044
 76.510     0.662300     0.006500     0.008246
 72.540     0.539400     0.005800     0.006751
 68.490     0.404200     0.005100     0.005082
 64.320     0.356600     0.004900     0.004422
 60.000     0.403200     0.005600     0.004989
 55.480     0.487200     0.006200     0.006103
 50.700     0.689000     0.008800     0.008594
 45.570     1.087600     0.013300     0.013569
 39.940     1.539300     0.021700     0.019238
 33.560     1.950200     0.056700     0.024331
-----------------------------------------------------------
E = 1486.100 MeV, E_lo = 1482.880 MeV, E_hi = 1489.320 MeV
Systematic = 0.040, Preliminary = 0, CBMAMI_2015_PrakhovEPT
146.440     1.228600     0.047300     0.015258
140.060     1.127300     0.026800     0.014137
134.430     0.858900     0.014400     0.010800
129.300     0.712700     0.009600     0.008913
124.520     0.607100     0.007500     0.007632
120.000     0.585100     0.006800     0.007332
115.680     0.576700     0.006300     0.007244
111.510     0.631900     0.006300     0.007894
107.460     0.703600     0.006600     0.008800
103.490     0.774200     0.006900     0.009695
 99.590     0.869800     0.007300     0.010877
 95.740     0.937800     0.007800     0.011746
 91.910     0.971400     0.008300     0.012133
 88.090     0.939800     0.008200     0.011715
 84.260     0.873900     0.007800     0.010896
 80.410     0.789700     0.007300     0.009899
 76.510     0.663500     0.006600     0.008295
 72.540     0.514400     0.005900     0.006394
 68.490     0.400300     0.005200     0.004980
 64.320     0.363400     0.005200     0.004535
 60.000     0.393100     0.005500     0.004951
 55.480     0.476900     0.006300     0.006000
 50.700     0.671900     0.009000     0.008384
 45.570     1.077100     0.013800     0.013493
 39.940     1.576500     0.023900     0.019743
 33.560     1.974300     0.062600     0.024709
-----------------------------------------------------------
E = 1492.550 MeV, E_lo = 1489.320 MeV, E_hi = 1495.770 MeV
Systematic = 0.040, Preliminary = 0, CBMAMI_2015_PrakhovEPT
146.440     1.174500     0.049000     0.014847
140.060     1.124200     0.027500     0.014091
134.430     0.881100     0.015000     0.010998
129.300     0.706200     0.009800     0.008843
124.520     0.607200     0.007800     0.007614
120.000     0.569100     0.007000     0.007141
115.680     0.580400     0.006700     0.007288
111.510     0.633500     0.006700     0.007954
107.460     0.690900     0.007000     0.008615
103.490     0.777700     0.007400     0.009699
 99.590     0.869600     0.007800     0.010896
 95.740     0.926700     0.008400     0.011573
 91.910     0.959800     0.008700     0.011973
 88.090     0.943800     0.008800     0.011775
 84.260     0.861800     0.008300     0.010774
 80.410     0.777700     0.007900     0.009687
 76.510     0.663400     0.007100     0.008270
 72.540     0.516000     0.006100     0.006481
 68.490     0.394000     0.005400     0.004912
 64.320     0.346100     0.005200     0.004382
 60.000     0.373300     0.005600     0.004683
 55.480     0.476200     0.006800     0.005896
 50.700     0.663800     0.009500     0.008277
 45.570     1.061600     0.015000     0.013229
 39.940     1.522100     0.025500     0.019000
 33.560     1.992700     0.071500     0.024864
-----------------------------------------------------------
E = 1499.000 MeV, E_lo = 1495.770 MeV, E_hi = 1502.230 MeV
Systematic = 0.040, Preliminary = 0, CBMAMI_2015_PrakhovEPT
146.440     1.201800     0.045900     0.015036
140.060     1.120000     0.025600     0.014046
134.430     0.850100     0.014300     0.010600
129.300     0.679200     0.009300     0.008501
124.520     0.609200     0.007500     0.007632
120.000     0.558000     0.006600     0.006971
115.680     0.583800     0.006500     0.007334
111.510     0.639100     0.006500     0.007990
107.460     0.705500     0.006600     0.008800
103.490     0.783400     0.006900     0.009818
 99.590     0.876100     0.007400     0.010931
 95.740     0.921400     0.007800     0.011505
 91.910     0.957800     0.008200     0.011959
 88.090     0.941700     0.008100     0.011785
 84.260     0.865200     0.007700     0.010844
 80.410     0.762300     0.007100     0.009550
 76.510     0.646800     0.006500     0.008118
 72.540     0.493000     0.005700     0.006170
 68.490     0.375200     0.005100     0.004648
 64.320     0.331900     0.004900     0.004117
 60.000     0.371500     0.005400     0.004610
 55.480     0.461400     0.006200     0.005815
 50.700     0.675800     0.009200     0.008462
 45.570     1.056700     0.013700     0.013165
 39.940     1.503800     0.022900     0.018755
 33.560     1.919800     0.061800     0.024009
-----------------------------------------------------------
E = 1505.480 MeV, E_lo = 1502.230 MeV, E_hi = 1508.720 MeV
Systematic = 0.040, Preliminary = 0, CBMAMI_2015_PrakhovEPT
146.440     1.202600     0.047600     0.014975
140.060     1.066400     0.025000     0.013262
134.430     0.874700     0.014400     0.010966
129.300     0.660300     0.009300     0.008202
124.520     0.582200     0.007400     0.007308
120.000     0.550300     0.006700     0.006875
115.680     0.578900     0.006500     0.007200
111.510     0.634000     0.006400     0.007942
107.460     0.699600     0.006700     0.008724
103.490     0.793500     0.007100     0.009921
 99.590     0.872600     0.007600     0.010915
 95.740     0.944400     0.008100     0.011785
 91.910     0.975300     0.008400     0.012185
 88.090     0.934300     0.008300     0.011645
 84.260     0.872200     0.008000     0.010874
 80.410     0.769900     0.007500     0.009622
 76.510     0.641900     0.006600     0.008037
 72.540     0.492100     0.005700     0.006170
 68.490     0.370600     0.005000     0.004609
 64.320     0.334500     0.005000     0.004153
 60.000     0.370500     0.005500     0.004647
 55.480     0.450300     0.006400     0.005594
 50.700     0.631500     0.008600     0.007933
 45.570     1.003100     0.013200     0.012530
 39.940     1.476500     0.023000     0.018473
 33.560     1.883900     0.063000     0.023670
-----------------------------------------------------------
E = 1511.990 MeV, E_lo = 1508.720 MeV, E_hi = 1515.270 MeV
Systematic = 0.040, Preliminary = 0, CBMAMI_2015_PrakhovEPT
146.440     1.146700     0.045100     0.014258
140.060     1.035500     0.025300     0.012902
134.430     0.854200     0.014400     0.010632
129.300     0.665300     0.009200     0.008314
124.520     0.570600     0.007400     0.007164
120.000     0.562500     0.006700     0.007014
115.680     0.564200     0.006500     0.007065
111.510     0.622500     0.006600     0.007777
107.460     0.700300     0.006800     0.008773
103.490     0.784900     0.007300     0.009775
 99.590     0.871000     0.007600     0.010915
 95.740     0.943200     0.008300     0.011767
 91.910     0.962000     0.008600     0.012045
 88.090     0.948200     0.008700     0.011849
 84.260     0.862200     0.008100     0.010800
 80.410     0.762900     0.007600     0.009544
 76.510     0.631900     0.006800     0.007869
 72.540     0.482900     0.005700     0.006033
 68.490     0.358000     0.005000     0.004460
 64.320     0.311500     0.004800     0.003924
 60.000     0.353000     0.005400     0.004454
 55.480     0.436500     0.006300     0.005404
 50.700     0.647500     0.009400     0.008087
 45.570     1.067600     0.014900     0.013341
 39.940     1.496400     0.024500     0.018665
 33.560     1.955000     0.069000     0.024438
-----------------------------------------------------------
E = 1518.510 MeV, E_lo = 1515.270 MeV, E_hi = 1521.760 MeV
Systematic = 0.040, Preliminary = 0, CBMAMI_2015_PrakhovEPT
146.440     1.160500     0.044500     0.014491
140.060     1.030200     0.024400     0.012900
134.430     0.817300     0.014100     0.010196
129.300     0.673100     0.009400     0.008390
124.520     0.573100     0.007400     0.007164
120.000     0.547900     0.006700     0.006875
115.680     0.559900     0.006400     0.007021
111.510     0.622600     0.006400     0.007813
107.460     0.718300     0.006900     0.008949
103.490     0.796700     0.007200     0.009972
 99.590     0.878600     0.007900     0.010947
 95.740     0.946800     0.008200     0.011837
 91.910     0.965800     0.008600     0.012045
 88.090     0.947600     0.008500     0.011871
 84.260     0.873300     0.008100     0.010925
 80.410     0.764400     0.007600     0.009544
 76.510     0.647400     0.006800     0.008131
 72.540     0.480300     0.005700     0.006033
 68.490     0.358400     0.005000     0.004460
 64.320     0.310400     0.004800     0.003924
 60.000     0.354200     0.005400     0.004454
 55.480     0.443600     0.006300     0.005556
 50.700     0.628500     0.009100     0.007822
 45.570     1.004200     0.013700     0.012581
 39.940     1.493700     0.024200     0.018728
 33.560     1.875400     0.064400     0.023343
-----------------------------------------------------------
E = 1525.030 MeV, E_lo = 1521.760 MeV, E_hi = 1528.290 MeV
Systematic = 0.040, Preliminary = 0, CBMAMI_2015_PrakhovEPT
146.440     1.121800     0.044500     0.014165
140.060     1.001900     0.023800     0.012537
134.430     0.792500     0.013600     0.009863
129.300     0.630500     0.009000     0.007937
124.520     0.560300     0.007400     0.007020
120.000     0.539200     0.006700     0.006735
115.680     0.560200     0.006400     0.007021
111.510     0.604500     0.006400     0.007553
107.460     0.687300     0.006700     0.008598
103.490     0.788400     0.007200     0.009849
 99.590     0.856500     0.007700     0.010721
 95.740     0.921300     0.008100     0.011541
 91.910     0.956500     0.008600     0.011922
 88.090     0.925600     0.008400     0.011573
 84.260     0.843800     0.007900     0.010575
 80.410     0.729000     0.007300     0.009143
 76.510     0.613200     0.006600     0.007645
 72.540     0.441700     0.005500     0.005531
 68.490     0.344900     0.004900     0.004271
 64.320     0.304300     0.004800     0.003764
 60.000     0.341300     0.005300     0.004260
 55.480     0.425200     0.006200     0.005367
 50.700     0.639700     0.009600     0.008006
 45.570     1.038800     0.014700     0.012964
 39.940     1.490800     0.025000     0.018667
 33.560     2.005400     0.072700     0.025066
-----------------------------------------------------------
E = 1531.540 MeV, E_lo = 1528.290 MeV, E_hi = 1534.800 MeV
Systematic = 0.040, Preliminary = 0, CBMAMI_2015_PrakhovEPT
146.440     1.159900     0.042300     0.014450
140.060     1.021400     0.023400     0.012858
134.430     0.798700     0.013400     0.009966
129.300     0.628700     0.008800     0.007861
124.520     0.551300     0.007200     0.006940
120.000     0.538200     0.006600     0.006693
115.680     0.552300     0.006200     0.006932
111.510     0.623900     0.006400     0.007813
107.460     0.708600     0.006700     0.008850
103.490     0.783500     0.006900     0.009818
 99.590     0.890200     0.007500     0.011105
 95.740     0.922500     0.007800     0.011505
 91.910     0.971400     0.008300     0.012133
 88.090     0.952700     0.008300     0.011889
 84.260     0.855300     0.007700     0.010721
 80.410     0.740400     0.007000     0.009250
 76.510     0.608000     0.006300     0.007637
 72.540     0.454600     0.005300     0.005723
 68.490     0.336300     0.004700     0.004195
 64.320     0.298500     0.004700     0.003730
 60.000     0.345300     0.005300     0.004260
 55.480     0.419200     0.006000     0.005292
 50.700     0.588800     0.008300     0.007370
 45.570     0.994200     0.012900     0.012410
 39.940     1.448700     0.022300     0.018067
 33.560     1.796000     0.058200     0.022506
-----------------------------------------------------------
E = 1538.070 MeV, E_lo = 1534.800 MeV, E_hi = 1541.340 MeV
Systematic = 0.040, Preliminary = 0, CBMAMI_2015_PrakhovEPT
146.440     1.030300     0.039800     0.012775
140.060     1.012600     0.022900     0.012729
134.430     0.761800     0.012900     0.009465
129.300     0.610600     0.008600     0.007635
124.520     0.550800     0.007100     0.006899
120.000     0.500300     0.006300     0.006286
115.680     0.543400     0.006100     0.006753
111.510     0.601800     0.006100     0.007542
107.460     0.682600     0.006300     0.008525
103.490     0.779200     0.006700     0.009713
 99.590     0.865100     0.007000     0.010836
 95.740     0.923900     0.007600     0.011519
 91.910     0.940500     0.007800     0.011746
 88.090     0.926400     0.007900     0.011558
 84.260     0.831000     0.007300     0.010392
 80.410     0.732200     0.006800     0.009150
 76.510     0.582500     0.005900     0.007318
 72.540     0.430700     0.005100     0.005362
 68.490     0.323400     0.004600     0.004006
 64.320     0.285500     0.004600     0.003533
 60.000     0.317800     0.005000     0.003995
 55.480     0.411500     0.005900     0.005102
 50.700     0.604600     0.008500     0.007597
 45.570     1.035700     0.013200     0.012962
 39.940     1.466200     0.021700     0.018321
 33.560     1.746000     0.053800     0.021936
-----------------------------------------------------------
E = 1544.610 MeV, E_lo = 1541.340 MeV, E_hi = 1547.880 MeV
Systematic = 0.040, Preliminary = 0, CBMAMI_2015_PrakhovEPT
146.440     1.073900     0.043400     0.013327
140.060     1.009100     0.024200     0.012635
134.430     0.744200     0.013500     0.009312
129.300     0.602800     0.009200     0.007548
124.520     0.530700     0.007600     0.006652
120.000     0.516900     0.006800     0.006490
115.680     0.542600     0.006700     0.006735
111.510     0.609500     0.006800     0.007603
107.460     0.694900     0.007200     0.008709
103.490     0.788700     0.007700     0.009847
 99.590     0.877700     0.008200     0.010975
 95.740     0.916800     0.008600     0.011425
 91.910     0.972300     0.009100     0.012175
 88.090     0.937000     0.009000     0.011749
 84.260     0.842900     0.008400     0.010568
 80.410     0.741800     0.007800     0.009250
 76.510     0.590000     0.006800     0.007332
 72.540     0.429500     0.005500     0.005389
 68.490     0.318000     0.004900     0.003960
 64.320     0.285900     0.004900     0.003633
 60.000     0.335400     0.005500     0.004167
 55.480     0.419300     0.006600     0.005196
 50.700     0.614800     0.009700     0.007725
 45.570     1.019400     0.015400     0.012761
 39.940     1.439600     0.025900     0.017929
 33.560     1.826700     0.069800     0.022705
-----------------------------------------------------------
E = 1551.160 MeV, E_lo = 1547.880 MeV, E_hi = 1554.450 MeV
Systematic = 0.040, Preliminary = 0, CBMAMI_2015_PrakhovEPT
146.440     1.037700     0.039700     0.013082
140.060     0.949200     0.022200     0.011925
134.430     0.730800     0.013100     0.009186
129.300     0.599300     0.008900     0.007440
124.520     0.521000     0.007200     0.006500
120.000     0.509100     0.006500     0.006369
115.680     0.529400     0.006200     0.006661
111.510     0.597200     0.006300     0.007507
107.460     0.686500     0.006600     0.008549
103.490     0.781000     0.006800     0.009766
 99.590     0.851300     0.007300     0.010636
 95.740     0.930300     0.007800     0.011626
 91.910     0.939700     0.008000     0.011732
 88.090     0.907400     0.007900     0.011315
 84.260     0.835800     0.007600     0.010424
 80.410     0.727700     0.007000     0.009124
 76.510     0.575600     0.006000     0.007236
 72.540     0.414700     0.005100     0.005223
 68.490     0.312000     0.004600     0.003852
 64.320     0.278400     0.004600     0.003533
 60.000     0.320400     0.005200     0.004064
 55.480     0.389100     0.006000     0.004826
 50.700     0.558600     0.008100     0.006991
 45.570     0.929600     0.012000     0.011614
 39.940     1.392600     0.020900     0.017408
 33.560     1.714900     0.056000     0.021541
-----------------------------------------------------------
E = 1557.750 MeV, E_lo = 1554.450 MeV, E_hi = 1561.030 MeV
Systematic = 0.040, Preliminary = 0, CBMAMI_2015_PrakhovEPT
146.440     1.017900     0.039000     0.012649
140.060     0.908000     0.022300     0.011301
134.430     0.722200     0.013100     0.009011
129.300     0.572700     0.008900     0.007124
124.520     0.515200     0.007300     0.006387
120.000     0.483900     0.006500     0.006079
115.680     0.521400     0.006400     0.006469
111.510     0.572400     0.006200     0.007198
107.460     0.674600     0.006600     0.008422
103.490     0.751800     0.006800     0.009398
 99.590     0.852600     0.007300     0.010636
 95.740     0.911900     0.007600     0.011399
 91.910     0.937500     0.008000     0.011732
 88.090     0.897900     0.007900     0.011193
 84.260     0.810200     0.007500     0.010125
 80.410     0.692200     0.006800     0.008646
 76.510     0.563300     0.006100     0.007020
 72.540     0.409400     0.005200     0.005123
 68.490     0.298700     0.004600     0.003695
 64.320     0.262800     0.004500     0.003333
 60.000     0.302200     0.005200     0.003731
 55.480     0.376100     0.005800     0.004755
 50.700     0.518500     0.007700     0.006536
 45.570     0.908800     0.011500     0.011410
 39.940     1.347500     0.020200     0.016842
 33.560     1.693700     0.054900     0.021058
-----------------------------------------------------------
E = 1564.380 MeV, E_lo = 1561.030 MeV, E_hi = 1567.730 MeV
Systematic = 0.040, Preliminary = 0, CBMAMI_2015_PrakhovEPT
146.440     1.122900     0.041600     0.014023
140.060     0.903100     0.022900     0.011218
134.430     0.711200     0.013300     0.008894
129.300     0.561500     0.009000     0.006997
124.520     0.498500     0.007400     0.006271
120.000     0.482600     0.006700     0.006009
115.680     0.505600     0.006400     0.006328
111.510     0.583300     0.006500     0.007334
107.460     0.666900     0.006700     0.008343
103.490     0.765900     0.007200     0.009600
 99.590     0.842600     0.007600     0.010547
 95.740     0.909300     0.008200     0.011347
 91.910     0.932300     0.008500     0.011624
 88.090     0.882100     0.008100     0.011049
 84.260     0.807100     0.007700     0.010100
 80.410     0.695000     0.007100     0.008662
 76.510     0.548500     0.006300     0.006841
 72.540     0.398100     0.005200     0.004980
 68.490     0.293700     0.004600     0.003695
 64.320     0.265300     0.004800     0.003256
 60.000     0.307400     0.005400     0.003795
 55.480     0.370800     0.006100     0.004699
 50.700     0.535000     0.008200     0.006717
 45.570     0.880200     0.012000     0.011031
 39.940     1.323600     0.021500     0.016497
 33.560     1.795300     0.064400     0.022447
-----------------------------------------------------------
E = 1572.890 MeV, E_lo = 1567.730 MeV, E_hi = 1578.050 MeV
Systematic = 0.040, Preliminary = 0, CBMAMI_2015_PrakhovEPT
146.440     0.965500     0.033200     0.011994
140.060     0.856700     0.018900     0.010662
134.430     0.659100     0.011100     0.008199
129.300     0.544800     0.007600     0.006803
124.520     0.494500     0.006300     0.006144
120.000     0.468800     0.005700     0.005895
115.680     0.504800     0.005500     0.006349
111.510     0.570100     0.005500     0.007124
107.460     0.670700     0.005600     0.008405
103.490     0.747000     0.006000     0.009339
 99.590     0.840000     0.006400     0.010504
 95.740     0.897300     0.006800     0.011197
 91.910     0.914200     0.006800     0.011430
 88.090     0.872700     0.006700     0.010906
 84.260     0.794100     0.006400     0.009914
 80.410     0.674900     0.005700     0.008459
 76.510     0.537400     0.005200     0.006724
 72.540     0.386400     0.004300     0.004874
 68.490     0.284500     0.003900     0.003589
 64.320     0.253500     0.004000     0.003164
 60.000     0.291500     0.004400     0.003624
 55.480     0.364800     0.005200     0.004535
 50.700     0.508700     0.006800     0.006344
 45.570     0.884800     0.010000     0.011046
 39.940     1.334300     0.017700     0.016649
 33.560     1.690800     0.047700     0.021203
-----------------------------------------------------------
