  1080.00     -0.72143471E+00     -0.64749576E+00
  1085.00     -0.83469082E+00     -0.17050990E+00
  1090.00     -0.98267649E+00      0.20917584E+00
  1095.00     -0.11342989E+01      0.50854236E+00
  1100.00     -0.12771043E+01      0.74823254E+00
  1105.00     -0.14060619E+01      0.94413970E+00
  1110.00     -0.15197120E+01      0.11077502E+01
  1115.00     -0.16180358E+01      0.12473192E+01
  1120.00     -0.17017494E+01      0.13687984E+01
  1125.00     -0.17716467E+01      0.14765768E+01
  1130.00     -0.18287868E+01      0.15738911E+01
  1135.00     -0.18741791E+01      0.16631611E+01
  1140.00     -0.19087514E+01      0.17462283E+01
  1145.00     -0.19333602E+01      0.18244989E+01
  1150.00     -0.19487990E+01      0.18990605E+01
  1155.00     -0.19557774E+01      0.19707578E+01
  1160.00     -0.19549459E+01      0.20402582E+01
  1165.00     -0.19469422E+01      0.21080813E+01
  1170.00     -0.19321908E+01      0.21746647E+01
  1175.00     -0.19112377E+01      0.22403390E+01
  1180.00     -0.18845303E+01      0.23053883E+01
  1185.00     -0.18524717E+01      0.23700415E+01
  1190.00     -0.18154455E+01      0.24344909E+01
  1195.00     -0.17738003E+01      0.24989012E+01
  1200.00     -0.17278673E+01      0.25634108E+01
  1205.00     -0.16779511E+01      0.26281402E+01
  1210.00     -0.16243283E+01      0.26932033E+01
  1215.00     -0.15673682E+01      0.27587231E+01
  1220.00     -0.15073254E+01      0.28247963E+01
  1225.00     -0.14444466E+01      0.28914993E+01
  1230.00     -0.13789637E+01      0.29588999E+01
  1235.00     -0.13111025E+01      0.30270655E+01
  1240.00     -0.12410723E+01      0.30960552E+01
  1245.00     -0.11690909E+01      0.31659286E+01
  1250.00     -0.10953776E+01      0.32367411E+01
  1255.00     -0.10200456E+01      0.33085467E+01
  1260.00     -0.94332385E+00      0.33813946E+01
  1265.00     -0.86537267E+00      0.34553475E+01
  1270.00     -0.78641886E+00      0.35304167E+01
  1275.00     -0.70653253E+00      0.36067163E+01
  1280.00     -0.62596464E+00      0.36842343E+01
  1285.00     -0.54480182E+00      0.37630641E+01
  1290.00     -0.46324813E+00      0.38432241E+01
  1295.00     -0.38137788E+00      0.39247932E+01
  1300.00     -0.29938677E+00      0.40078211E+01
  1305.00     -0.21742463E+00      0.40923351E+01
  1310.00     -0.13556724E+00      0.41784336E+01
  1315.00     -0.53967186E-01      0.42661622E+01
  1320.00      0.27259188E-01      0.43555897E+01
  1325.00      0.10795668E+00      0.44467626E+01
  1330.00      0.19166686E+00      0.45387566E+01
  1335.00      0.26745078E+00      0.46347517E+01
  1340.00      0.34599862E+00      0.47317218E+01
  1345.00      0.42360606E+00      0.48308005E+01
  1350.00      0.50007887E+00      0.49320373E+01
  1355.00      0.57556655E+00      0.50357127E+01
  1360.00      0.64974014E+00      0.51418041E+01
  1365.00      0.72256985E+00      0.52504970E+01
  1370.00      0.79396493E+00      0.53619541E+01
  1375.00      0.86383044E+00      0.54763499E+01
  1380.00      0.93207660E+00      0.55938842E+01
  1385.00      0.99863406E+00      0.57147947E+01
  1390.00      0.10633250E+01      0.58392857E+01
  1395.00      0.11261209E+01      0.59677075E+01
  1400.00      0.11869774E+01      0.61003686E+01
  1405.00      0.12457631E+01      0.62376498E+01
  1410.00      0.13023887E+01      0.63800095E+01
  1415.00      0.13567628E+01      0.65279762E+01
  1420.00      0.14087936E+01      0.66821780E+01
  1425.00      0.14583885E+01      0.68433722E+01
  1430.00      0.15054595E+01      0.70124848E+01
  1435.00      0.15499776E+01      0.71906922E+01
  1440.00      0.15916400E+01      0.73792918E+01
  1445.00      0.16306049E+01      0.75802738E+01
  1450.00      0.16667213E+01      0.77960092E+01
  1455.00      0.16999693E+01      0.80297943E+01
  1460.00      0.17303597E+01      0.82862961E+01
  1465.00      0.17580386E+01      0.85724952E+01
  1470.00      0.17834518E+01      0.88996756E+01
  1475.00      0.18078180E+01      0.92884860E+01
  1480.00      0.18353862E+01      0.97866492E+01
  1485.00      0.19017901E+01      0.10633817E+02
  1490.00      0.88737865E+00      0.11354450E+02
  1495.00      0.14445130E+00      0.11614635E+02
  1500.00     -0.56294520E+00      0.11746831E+02
  1505.00     -0.12478434E+01      0.11764130E+02
  1510.00     -0.18997262E+01      0.11676826E+02
  1515.00     -0.25052880E+01      0.11498113E+02
  1520.00     -0.30540334E+01      0.11244163E+02
  1525.00     -0.35402640E+01      0.10931821E+02
  1530.00     -0.39626440E+01      0.10576660E+02
  1535.00     -0.43231918E+01      0.10191732E+02
  1540.00     -0.46259167E+01      0.97870060E+01
  1545.00     -0.48753121E+01      0.93694327E+01
  1550.00     -0.50756740E+01      0.89434842E+01
  1555.00     -0.52298803E+01      0.85119855E+01
  1560.00     -0.53392931E+01      0.80769056E+01
  1565.00     -0.54039229E+01      0.76403654E+01
  1570.00     -0.54225509E+01      0.72052548E+01
  1575.00     -0.53935086E+01      0.67760088E+01
  1580.00     -0.53154495E+01      0.63588027E+01
  1585.00     -0.51882853E+01      0.59613897E+01
  1590.00     -0.50141044E+01      0.55927125E+01
  1595.00     -0.47978253E+01      0.52619354E+01
  1600.00     -0.45475967E+01      0.49772026E+01
  1605.00     -0.42759422E+01      0.47438626E+01
  1610.00     -0.39896206E+01      0.45391812E+01
  1615.00     -0.36378064E+01      0.43740689E+01
  1620.00     -0.33572137E+01      0.43537188E+01
  1625.00     -0.30753996E+01      0.43525550E+01
  1630.00     -0.28259124E+01      0.44001149E+01
  1635.00     -0.26168805E+01      0.44883748E+01
  1640.00     -0.24555059E+01      0.46076372E+01
  1645.00     -0.23472425E+01      0.47463483E+01
  1650.00     -0.22954262E+01      0.48922511E+01
  1655.00     -0.22981844E+01      0.50282929E+01
  1660.00     -0.23518149E+01      0.51426970E+01
  1665.00     -0.24472789E+01      0.52226096E+01
  1670.00     -0.25723196E+01      0.52586705E+01
  1675.00     -0.27135584E+01      0.52455787E+01
  1680.00     -0.28603689E+01      0.51794477E+01
  1685.00     -0.29612405E+01      0.50194838E+01
  1690.00     -0.29758592E+01      0.49096620E+01
  1695.00     -0.30268091E+01      0.47979823E+01
  1700.00     -0.30563004E+01      0.46922142E+01
  1705.00     -0.30816672E+01      0.45846557E+01
  1710.00     -0.31026022E+01      0.44748444E+01
  1715.00     -0.31189324E+01      0.43627961E+01
  1720.00     -0.31306384E+01      0.42488130E+01
  1725.00     -0.31377197E+01      0.41332775E+01
  1730.00     -0.31401598E+01      0.40165282E+01
  1735.00     -0.31380026E+01      0.38989326E+01
  1740.00     -0.31313192E+01      0.37808548E+01
  1745.00     -0.31201425E+01      0.36626376E+01
  1750.00     -0.31045182E+01      0.35446134E+01
  1755.00     -0.30845390E+01      0.34270845E+01
  1760.00     -0.30602050E+01      0.33104029E+01
  1765.00     -0.30316678E+01      0.31948864E+01
  1770.00     -0.29989298E+01      0.30808170E+01
  1775.00     -0.29621531E+01      0.29685379E+01
  1780.00     -0.29214821E+01      0.28583541E+01
  1785.00     -0.28770959E+01      0.27505748E+01
  1790.00     -0.28292063E+01      0.26454975E+01
  1795.00     -0.27780669E+01      0.25433906E+01
  1800.00     -0.27239789E+01      0.24445096E+01
  1805.00     -0.26672456E+01      0.23490560E+01
  1810.00     -0.26082903E+01      0.22571976E+01
  1815.00     -0.25474779E+01      0.21690441E+01
  1820.00     -0.24851850E+01      0.20846336E+01
  1825.00     -0.24218444E+01      0.20039571E+01
  1830.00     -0.23578527E+01      0.19269229E+01
  1835.00     -0.22935864E+01      0.18533717E+01
  1840.00     -0.22293953E+01      0.17830372E+01
  1845.00     -0.21655143E+01      0.17157261E+01
  1850.00     -0.21021877E+01      0.16510335E+01
  1855.00     -0.20395287E+01      0.15885866E+01
  1860.00     -0.19775431E+01      0.15280133E+01
  1865.00     -0.19161607E+01      0.14689290E+01
  1870.00     -0.18551932E+01      0.14110054E+01
  1875.00     -0.17943124E+01      0.13539841E+01
  1880.00     -0.17331544E+01      0.12977064E+01
  1885.00     -0.16712694E+01      0.12421613E+01
  1890.00     -0.16082163E+01      0.11874958E+01
  1895.00     -0.15435875E+01      0.11340252E+01
  1900.00     -0.14770773E+01      0.10822282E+01
  1905.00     -0.14085460E+01      0.10327023E+01
  1910.00     -0.13380599E+01      0.98611346E+00
  1915.00     -0.12659010E+01      0.94311133E+00
  1920.00     -0.11925665E+01      0.90425816E+00
  1925.00     -0.11187257E+01      0.86995590E+00
  1930.00     -0.10451309E+01      0.84039367E+00
  1935.00     -0.97257380E+00      0.81554556E+00
  1940.00     -0.90178825E+00      0.79517044E+00
  1945.00     -0.83339161E+00      0.77887547E+00
  1950.00     -0.76783285E+00      0.76614290E+00
  1955.00     -0.70547347E+00      0.75639105E+00
  1960.00     -0.64646062E+00      0.74903931E+00
  1965.00     -0.59083744E+00      0.74353227E+00
  1970.00     -0.53853439E+00      0.73936818E+00
  1975.00     -0.48940815E+00      0.73611058E+00
  1980.00     -0.44326447E+00      0.73339955E+00
  1985.00     -0.39987722E+00      0.73094317E+00
  1990.00     -0.35901130E+00      0.72851676E+00
  1995.00     -0.32042110E+00      0.72595322E+00
  2000.00     -0.28391068E+00      0.72311523E+00
  2005.00     -0.24937298E+00      0.71993179E+00
  2010.00     -0.21669168E+00      0.71630550E+00
  2015.00     -0.18443385E+00      0.71245473E+00
  2020.00     -0.15419851E+00      0.70805498E+00
  2025.00     -0.12503387E+00      0.70326581E+00
  2030.00     -0.96883542E-01      0.69809530E+00
  2035.00     -0.69635022E-01      0.69257281E+00
  2040.00     -0.43178948E-01      0.68673703E+00
  2045.00     -0.17468064E-01      0.68061611E+00
  2050.00      0.75902092E-02      0.67425536E+00
  2055.00      0.32057791E-01      0.66769356E+00
  2060.00      0.55987430E-01      0.66097318E+00
  2065.00      0.79426048E-01      0.65413395E+00
  2070.00      0.10240563E+00      0.64721005E+00
  2075.00      0.12496491E+00      0.64023795E+00
  2080.00      0.14716015E+00      0.63326018E+00
  2085.00      0.16892024E+00      0.62628951E+00
  2090.00      0.19034876E+00      0.61938329E+00
  2095.00      0.21143405E+00      0.61256131E+00
  2100.00      0.23218892E+00      0.60584674E+00
  2105.00      0.25262006E+00      0.59926454E+00
  2110.00      0.27273782E+00      0.59283968E+00
  2115.00      0.29252689E+00      0.58657822E+00
  2120.00      0.31201763E+00      0.58052200E+00
  2125.00      0.33120038E+00      0.57467769E+00
  2130.00      0.35007721E+00      0.56906490E+00
  2135.00      0.36864961E+00      0.56370088E+00
  2140.00      0.38690202E+00      0.55857912E+00
  2145.00      0.40483727E+00      0.55372080E+00
  2150.00      0.42245641E+00      0.54913646E+00
  2155.00      0.43975841E+00      0.54483789E+00
  2160.00      0.45673198E+00      0.54082609E+00
  2165.00      0.47337663E+00      0.53711011E+00
  2170.00      0.48968512E+00      0.53369815E+00
  2175.00      0.50565899E+00      0.53058589E+00
  2180.00      0.52129365E+00      0.52777804E+00
  2185.00      0.53657721E+00      0.52528374E+00
  2190.00      0.55150989E+00      0.52309964E+00
  2195.00      0.56608548E+00      0.52122707E+00
  2200.00      0.58030078E+00      0.51966473E+00
  2205.00      0.59415173E+00      0.51841503E+00
  2210.00      0.60763210E+00      0.51747344E+00
  2215.00      0.62074366E+00      0.51684191E+00
  2220.00      0.63348078E+00      0.51652403E+00
  2225.00      0.64582642E+00      0.51648737E+00
  2230.00      0.65779475E+00      0.51676314E+00
  2235.00      0.66937765E+00      0.51733433E+00
  2240.00      0.68057111E+00      0.51819706E+00
  2245.00      0.69137228E+00      0.51934851E+00
  2250.00      0.70177982E+00      0.52078374E+00
  2255.00      0.71179077E+00      0.52249612E+00
  2260.00      0.72140446E+00      0.52448467E+00
  2265.00      0.73061725E+00      0.52674258E+00
  2270.00      0.73942911E+00      0.52926407E+00
  2275.00      0.74783894E+00      0.53204438E+00
  2280.00      0.75584630E+00      0.53507725E+00
  2285.00      0.76344983E+00      0.53835764E+00
  2290.00      0.77064966E+00      0.54188128E+00
  2295.00      0.77745465E+00      0.54561311E+00
  2300.00      0.78381895E+00      0.54945070E+00
  2305.00      0.78981461E+00      0.55372223E+00
  2310.00      0.79541100E+00      0.55828631E+00
  2315.00      0.80059066E+00      0.56290776E+00
  2320.00      0.80537766E+00      0.56777838E+00
  2325.00      0.80975761E+00      0.57282580E+00
  2330.00      0.81373094E+00      0.57804135E+00
  2335.00      0.81731440E+00      0.58347599E+00
  2340.00      0.82050102E+00      0.58908897E+00
  2345.00      0.82329299E+00      0.59487887E+00
  2350.00      0.82569273E+00      0.60083967E+00
  2355.00      0.82770341E+00      0.60696665E+00
  2360.00      0.82932301E+00      0.61325162E+00
  2365.00      0.83055850E+00      0.61969072E+00
  2370.00      0.83141127E+00      0.62627893E+00
  2375.00      0.83188175E+00      0.63301026E+00
  2380.00      0.83197449E+00      0.63988054E+00
  2385.00      0.83169325E+00      0.64688008E+00
  2390.00      0.83103887E+00      0.65400885E+00
  2395.00      0.83001460E+00      0.66125983E+00
  2400.00      0.82862533E+00      0.66862819E+00
  2405.00      0.82687528E+00      0.67610981E+00
  2410.00      0.82476079E+00      0.68369726E+00
  2415.00      0.82229246E+00      0.69138830E+00
  2420.00      0.81946973E+00      0.69917772E+00
  2425.00      0.81629841E+00      0.70706006E+00
  2430.00      0.81276170E+00      0.71502064E+00
  2435.00      0.80892258E+00      0.72309196E+00
  2440.00      0.80472302E+00      0.73122924E+00
  2445.00      0.80018858E+00      0.73944475E+00
  2450.00      0.79530551E+00      0.74774454E+00
  2455.00      0.79014628E+00      0.75612178E+00
  2460.00      0.78459169E+00      0.76463689E+00
  2465.00      0.77876274E+00      0.77299061E+00
  2470.00      0.77260759E+00      0.78154230E+00
  2475.00      0.76613811E+00      0.79013748E+00
  2480.00      0.75936202E+00      0.79878284E+00
  2485.00      0.75227968E+00      0.80747541E+00
  2490.00      0.74489363E+00      0.81621228E+00
  2495.00      0.73721254E+00      0.82498988E+00
  2500.00      0.72923608E+00      0.83380527E+00
