  1080.00     -0.75512075E-06      0.12707525E-06
  1085.00     -0.23263064E-05      0.40964749E-06
  1090.00     -0.48026469E-05      0.88697603E-06
  1095.00     -0.82224080E-05      0.15956888E-05
  1100.00     -0.12622993E-04      0.25783002E-05
  1105.00     -0.18041685E-04      0.38835615E-05
  1110.00     -0.24515955E-04      0.55671290E-05
  1115.00     -0.32081564E-04      0.76920121E-05
  1120.00     -0.40777537E-04      0.10328581E-04
  1125.00     -0.50642701E-04      0.13556073E-04
  1130.00     -0.61713395E-04      0.17461401E-04
  1135.00     -0.74033974E-04      0.22140738E-04
  1140.00     -0.87647296E-04      0.27699161E-04
  1145.00     -0.10259743E-03      0.34251213E-04
  1150.00     -0.11893314E-03      0.41921262E-04
  1155.00     -0.13670487E-03      0.50843541E-04
  1160.00     -0.15596868E-03      0.61161069E-04
  1165.00     -0.17678141E-03      0.73029303E-04
  1170.00     -0.19920819E-03      0.86609897E-04
  1175.00     -0.22331436E-03      0.10207720E-03
  1180.00     -0.24917775E-03      0.11961556E-03
  1185.00     -0.27687367E-03      0.13941654E-03
  1190.00     -0.30648609E-03      0.16168318E-03
  1195.00     -0.33810579E-03      0.18662749E-03
  1200.00     -0.37183209E-03      0.21446918E-03
  1205.00     -0.40776681E-03      0.24543755E-03
  1210.00     -0.44602478E-03      0.27976830E-03
  1215.00     -0.48672525E-03      0.31770693E-03
  1220.00     -0.52999442E-03      0.35950479E-03
  1225.00     -0.57597261E-03      0.40541745E-03
  1230.00     -0.62479453E-03      0.45571131E-03
  1235.00     -0.67661352E-03      0.51065292E-03
  1240.00     -0.73160129E-03      0.57051285E-03
  1245.00     -0.78991666E-03      0.63556958E-03
  1250.00     -0.85173158E-03      0.70611201E-03
  1255.00     -0.91721974E-03      0.78242253E-03
  1260.00     -0.98653674E-03      0.86480156E-03
  1265.00     -0.10576379E-02      0.95488822E-03
  1270.00     -0.11405133E-02      0.10475329E-02
  1275.00     -0.12203225E-02      0.11502104E-02
  1280.00     -0.13088013E-02      0.12597508E-02
  1285.00     -0.14010437E-02      0.13759614E-02
  1290.00     -0.14981448E-02      0.15014783E-02
  1295.00     -0.16015000E-02      0.16335359E-02
  1300.00     -0.17115114E-02      0.17735613E-02
  1305.00     -0.18241005E-02      0.19238625E-02
  1310.00     -0.19461745E-02      0.20813776E-02
  1315.00     -0.20746260E-02      0.22480616E-02
  1320.00     -0.22110020E-02      0.24239139E-02
  1325.00     -0.23499111E-02      0.26094488E-02
  1330.00     -0.25009327E-02      0.28043358E-02
  1335.00     -0.26590696E-02      0.30090720E-02
  1340.00     -0.28253870E-02      0.32238074E-02
  1345.00     -0.30005095E-02      0.34487975E-02
  1350.00     -0.31755913E-02      0.36794986E-02
  1355.00     -0.33756963E-02      0.39286647E-02
  1360.00     -0.35784519E-02      0.41848175E-02
  1365.00     -0.37909482E-02      0.44514918E-02
  1370.00     -0.40137001E-02      0.47288483E-02
  1375.00     -0.42470555E-02      0.50169771E-02
  1380.00     -0.44913460E-02      0.53160183E-02
  1385.00     -0.47462132E-02      0.56276811E-02
  1390.00     -0.50148980E-02      0.59451572E-02
  1395.00     -0.52942188E-02      0.62768253E-02
  1400.00     -0.55860235E-02      0.66190191E-02
  1405.00     -0.58905804E-02      0.69718884E-02
  1410.00     -0.62082490E-02      0.73353766E-02
  1415.00     -0.65393485E-02      0.77094127E-02
  1420.00     -0.68841821E-02      0.80938840E-02
  1425.00     -0.72429984E-02      0.84886585E-02
  1430.00     -0.76158589E-02      0.88936564E-02
  1435.00     -0.79922037E-02      0.93114958E-02
  1440.00     -0.84096362E-02      0.97323677E-02
  1445.00     -0.88275521E-02      0.10166570E-01
  1450.00     -0.92615993E-02      0.10609923E-01
  1455.00     -0.97116732E-02      0.11062231E-01
  1460.00     -0.10177997E-01      0.11523226E-01
  1465.00     -0.10660802E-01      0.11992614E-01
  1470.00     -0.11160318E-01      0.12470051E-01
  1475.00     -0.11676821E-01      0.12955198E-01
  1480.00     -0.12210525E-01      0.13447682E-01
  1485.00     -0.12761600E-01      0.13947099E-01
  1490.00     -0.13330210E-01      0.14453041E-01
  1495.00     -0.13916547E-01      0.14965082E-01
  1500.00     -0.14520132E-01      0.15482687E-01
  1505.00     -0.15152582E-01      0.16006812E-01
  1510.00     -0.15786851E-01      0.16533644E-01
  1515.00     -0.16445642E-01      0.17065449E-01
  1520.00     -0.17123342E-01      0.17600994E-01
  1525.00     -0.17819762E-01      0.18139741E-01
  1530.00     -0.18534893E-01      0.18681144E-01
  1535.00     -0.19268799E-01      0.19224628E-01
  1540.00     -0.20021510E-01      0.19769618E-01
  1545.00     -0.20793046E-01      0.20315555E-01
  1550.00     -0.21583395E-01      0.20861843E-01
  1555.00     -0.22392572E-01      0.21407889E-01
  1560.00     -0.23220512E-01      0.21953046E-01
  1565.00     -0.24067195E-01      0.22496736E-01
  1570.00     -0.24932508E-01      0.23038289E-01
  1575.00     -0.25816409E-01      0.23577105E-01
  1580.00     -0.26718744E-01      0.24112489E-01
  1585.00     -0.27639412E-01      0.24643834E-01
  1590.00     -0.28578262E-01      0.25170473E-01
  1595.00     -0.29534918E-01      0.25691590E-01
  1600.00     -0.30508797E-01      0.26206254E-01
  1605.00     -0.31504445E-01      0.26717163E-01
  1610.00     -0.32513096E-01      0.27217584E-01
  1615.00     -0.33539904E-01      0.27710670E-01
  1620.00     -0.34583777E-01      0.28195169E-01
  1625.00     -0.35644307E-01      0.28670338E-01
  1630.00     -0.36721234E-01      0.29135511E-01
  1635.00     -0.37814202E-01      0.29590017E-01
  1640.00     -0.38922881E-01      0.30033166E-01
  1645.00     -0.40046954E-01      0.30464341E-01
  1650.00     -0.41186002E-01      0.30882855E-01
  1655.00     -0.42339677E-01      0.31288076E-01
  1660.00     -0.43507557E-01      0.31679372E-01
  1665.00     -0.44689219E-01      0.32056086E-01
  1670.00     -0.45884286E-01      0.32417599E-01
  1675.00     -0.47092243E-01      0.32763301E-01
  1680.00     -0.48312659E-01      0.33092555E-01
  1685.00     -0.49545090E-01      0.33404810E-01
  1690.00     -0.50788994E-01      0.33699432E-01
  1695.00     -0.52043906E-01      0.33975823E-01
  1700.00     -0.53309258E-01      0.34233454E-01
  1705.00     -0.54584548E-01      0.34471751E-01
  1710.00     -0.55869233E-01      0.34690170E-01
  1715.00     -0.57162762E-01      0.34888158E-01
  1720.00     -0.58464551E-01      0.35065225E-01
  1725.00     -0.59774030E-01      0.35220843E-01
  1730.00     -0.61090596E-01      0.35354489E-01
  1735.00     -0.62413687E-01      0.35465738E-01
  1740.00     -0.63742679E-01      0.35554042E-01
  1745.00     -0.65077036E-01      0.35618931E-01
  1750.00     -0.66416598E-01      0.35659442E-01
  1755.00     -0.67757299E-01      0.35678791E-01
  1760.00     -0.69104208E-01      0.35670601E-01
  1765.00     -0.70453210E-01      0.35638006E-01
  1770.00     -0.71804210E-01      0.35580163E-01
  1775.00     -0.73156558E-01      0.35496679E-01
  1780.00     -0.74509591E-01      0.35387139E-01
  1785.00     -0.75862632E-01      0.35251354E-01
  1790.00     -0.77215076E-01      0.35088870E-01
  1795.00     -0.78566158E-01      0.34899525E-01
  1800.00     -0.79915198E-01      0.34683007E-01
  1805.00     -0.81261536E-01      0.34439126E-01
  1810.00     -0.82604467E-01      0.34167589E-01
  1815.00     -0.83943300E-01      0.33868203E-01
  1820.00     -0.85277337E-01      0.33540809E-01
  1825.00     -0.86605843E-01      0.33185177E-01
  1830.00     -0.87928188E-01      0.32801277E-01
  1835.00     -0.89243796E-01      0.32388843E-01
  1840.00     -0.90551400E-01      0.31948060E-01
  1845.00     -0.91850941E-01      0.31478475E-01
  1850.00     -0.93141448E-01      0.30980184E-01
  1855.00     -0.94422322E-01      0.30453032E-01
  1860.00     -0.95692649E-01      0.29897441E-01
  1865.00     -0.96952058E-01      0.29312708E-01
  1870.00     -0.98199657E-01      0.28699265E-01
  1875.00     -0.99434797E-01      0.28057066E-01
  1880.00     -0.10065681E+00      0.27386127E-01
  1885.00     -0.10186503E+00      0.26686588E-01
  1890.00     -0.10305880E+00      0.25958216E-01
  1895.00     -0.10423731E+00      0.25202058E-01
  1900.00     -0.10540011E+00      0.24417115E-01
  1905.00     -0.10654644E+00      0.23604011E-01
  1910.00     -0.10767565E+00      0.22762935E-01
  1915.00     -0.10878714E+00      0.21894050E-01
  1920.00     -0.10988028E+00      0.20997444E-01
  1925.00     -0.11095438E+00      0.20073433E-01
  1930.00     -0.11200888E+00      0.19122397E-01
  1935.00     -0.11304317E+00      0.18144275E-01
  1940.00     -0.11405678E+00      0.17139628E-01
  1945.00     -0.11504877E+00      0.16108561E-01
  1950.00     -0.11601887E+00      0.15051516E-01
  1955.00     -0.11696643E+00      0.13968700E-01
  1960.00     -0.11789092E+00      0.12860529E-01
  1965.00     -0.11879171E+00      0.11727345E-01
  1970.00     -0.11966837E+00      0.10569510E-01
  1975.00     -0.12052033E+00      0.93874743E-02
  1980.00     -0.12134710E+00      0.81815533E-02
  1985.00     -0.12214827E+00      0.69522769E-02
  1990.00     -0.12292333E+00      0.56999296E-02
  1995.00     -0.12367281E+00      0.44250826E-02
  2000.00     -0.12438625E+00      0.31291630E-02
  2005.00     -0.12508397E+00      0.18098323E-02
  2010.00     -0.12574977E+00      0.47053074E-03
  2015.00     -0.12638695E+00     -0.88947452E-03
  2020.00     -0.12699526E+00     -0.22694184E-02
  2025.00     -0.12757429E+00     -0.36689485E-02
  2030.00     -0.12812376E+00     -0.50874551E-02
  2035.00     -0.12864329E+00     -0.65241967E-02
  2040.00     -0.12913253E+00     -0.79788741E-02
  2045.00     -0.12959117E+00     -0.94505624E-02
  2050.00     -0.13001909E+00     -0.10939556E-01
  2055.00     -0.13041561E+00     -0.12443838E-01
  2060.00     -0.13078077E+00     -0.13963672E-01
  2065.00     -0.13111364E+00     -0.15498110E-01
  2070.00     -0.13141555E+00     -0.17047050E-01
  2075.00     -0.13168492E+00     -0.18609429E-01
  2080.00     -0.13191463E+00     -0.20184226E-01
  2085.00     -0.13212589E+00     -0.21771810E-01
  2090.00     -0.13229753E+00     -0.23370667E-01
  2095.00     -0.13243640E+00     -0.24980779E-01
  2100.00     -0.13254206E+00     -0.26600483E-01
  2105.00     -0.13261477E+00     -0.28229651E-01
  2110.00     -0.13265331E+00     -0.29868118E-01
  2115.00     -0.13265973E+00     -0.31514300E-01
  2120.00     -0.13263243E+00     -0.33167896E-01
  2125.00     -0.13257168E+00     -0.34828319E-01
  2130.00     -0.13247748E+00     -0.36494661E-01
  2135.00     -0.13234983E+00     -0.38166310E-01
  2140.00     -0.13218891E+00     -0.39843128E-01
  2145.00     -0.13199434E+00     -0.41522935E-01
  2150.00     -0.13176665E+00     -0.43205982E-01
  2155.00     -0.13150528E+00     -0.44892206E-01
  2160.00     -0.13121104E+00     -0.46579686E-01
  2165.00     -0.13088368E+00     -0.48268276E-01
  2170.00     -0.13052338E+00     -0.49957009E-01
  2175.00     -0.13013019E+00     -0.51645666E-01
  2180.00     -0.12970434E+00     -0.53333120E-01
  2185.00     -0.12924606E+00     -0.55018922E-01
  2190.00     -0.12875543E+00     -0.56702115E-01
  2195.00     -0.12823270E+00     -0.58382228E-01
  2200.00     -0.12767814E+00     -0.60058410E-01
  2205.00     -0.12709195E+00     -0.61730067E-01
  2210.00     -0.12647425E+00     -0.63396619E-01
  2215.00     -0.12582617E+00     -0.65057363E-01
  2220.00     -0.12514659E+00     -0.66711344E-01
  2225.00     -0.12443678E+00     -0.68358200E-01
  2230.00     -0.12369675E+00     -0.69997318E-01
  2235.00     -0.12292699E+00     -0.71627760E-01
  2240.00     -0.12212777E+00     -0.73249160E-01
  2245.00     -0.12129948E+00     -0.74860836E-01
  2250.00     -0.12044257E+00     -0.76461926E-01
  2255.00     -0.11955724E+00     -0.78052508E-01
  2260.00     -0.11864416E+00     -0.79631125E-01
  2265.00     -0.11770358E+00     -0.81197780E-01
  2270.00     -0.11673597E+00     -0.82751761E-01
  2275.00     -0.11574189E+00     -0.84292304E-01
  2280.00     -0.11472166E+00     -0.85819083E-01
  2285.00     -0.11367582E+00     -0.87331499E-01
  2290.00     -0.11260478E+00     -0.88829016E-01
  2295.00     -0.11151367E+00     -0.90310311E-01
  2300.00     -0.11038999E+00     -0.91777320E-01
  2305.00     -0.10924666E+00     -0.93227085E-01
  2310.00     -0.10808034E+00     -0.94659990E-01
  2315.00     -0.10689143E+00     -0.96075747E-01
  2320.00     -0.10568059E+00     -0.97473632E-01
  2325.00     -0.10444841E+00     -0.98853156E-01
  2330.00     -0.10319523E+00     -0.10021418E+00
  2335.00     -0.10192183E+00     -0.10155633E+00
  2340.00     -0.10062871E+00     -0.10287898E+00
  2345.00     -0.99316450E-01     -0.10418189E+00
  2350.00     -0.97985661E-01     -0.10546463E+00
  2355.00     -0.96636972E-01     -0.10672681E+00
  2360.00     -0.95270772E-01     -0.10796851E+00
  2365.00     -0.93887932E-01     -0.10918888E+00
  2370.00     -0.92488971E-01     -0.11038780E+00
  2375.00     -0.91074360E-01     -0.11156533E+00
  2380.00     -0.89645145E-01     -0.11272125E+00
  2385.00     -0.88201068E-01     -0.11385395E+00
  2390.00     -0.86743563E-01     -0.11496487E+00
  2395.00     -0.85272925E-01     -0.11605328E+00
  2400.00     -0.83789819E-01     -0.11711862E+00
  2405.00     -0.82295733E-01     -0.11816085E+00
  2410.00     -0.80789073E-01     -0.11918040E+00
  2415.00     -0.79272399E-01     -0.12017624E+00
  2420.00     -0.77745560E-01     -0.12114896E+00
  2425.00     -0.76209563E-01     -0.12209772E+00
  2430.00     -0.74664602E-01     -0.12302319E+00
  2435.00     -0.73111622E-01     -0.12392471E+00
  2440.00     -0.71551219E-01     -0.12480218E+00
  2445.00     -0.69983812E-01     -0.12565599E+00
  2450.00     -0.68410379E-01     -0.12648602E+00
  2455.00     -0.66839560E-01     -0.12728980E+00
  2460.00     -0.65242796E-01     -0.12807402E+00
  2465.00     -0.63654489E-01     -0.12883146E+00
  2470.00     -0.62061352E-01     -0.12956521E+00
  2475.00     -0.60464446E-01     -0.13027532E+00
  2480.00     -0.58864956E-01     -0.13096102E+00
  2485.00     -0.57263042E-01     -0.13162301E+00
  2490.00     -0.55659118E-01     -0.13226155E+00
  2495.00     -0.54054311E-01     -0.13287586E+00
  2500.00     -0.52448652E-01     -0.13346683E+00
