  1080.00     -0.39716662E-01     -0.41169850E-01
  1085.00     -0.59293191E-01     -0.57115486E-01
  1090.00     -0.79067198E-01     -0.72442482E-01
  1095.00     -0.99523979E-01     -0.88451989E-01
  1100.00     -0.12074846E+00     -0.10588191E+00
  1105.00     -0.14267604E+00     -0.12529301E+00
  1110.00     -0.16515276E+00     -0.14718299E+00
  1115.00     -0.18794882E+00     -0.17203537E+00
  1120.00     -0.21075568E+00     -0.20033872E+00
  1125.00     -0.23317343E+00     -0.23260123E+00
  1130.00     -0.25468698E+00     -0.26934849E+00
  1135.00     -0.27464147E+00     -0.31112198E+00
  1140.00     -0.29219951E+00     -0.35846276E+00
  1145.00     -0.30630538E+00     -0.41188014E+00
  1150.00     -0.31563231E+00     -0.47180973E+00
  1155.00     -0.31853195E+00     -0.53852921E+00
  1160.00     -0.31299063E+00     -0.61204491E+00
  1165.00     -0.29661225E+00     -0.69192917E+00
  1170.00     -0.26665065E+00     -0.77709909E+00
  1175.00     -0.22014649E+00     -0.86554171E+00
  1180.00     -0.15420442E+00     -0.95404976E+00
  1185.00     -0.66479733E-01     -0.10379626E+01
  1190.00      0.44106336E-01     -0.11111861E+01
  1195.00      0.17653559E+00     -0.11665301E+01
  1200.00      0.32695074E+00     -0.11965987E+01
  1205.00      0.48838725E+00     -0.11951774E+01
  1210.00      0.65132916E+00     -0.11587922E+01
  1215.00      0.80515095E+00     -0.10878227E+01
  1220.00      0.94010311E+00     -0.98681501E+00
  1225.00      0.10491603E+01     -0.86348258E+00
  1230.00      0.11289324E+01     -0.72699839E+00
  1235.00      0.11795554E+01     -0.58621300E+00
  1240.00      0.12038044E+01     -0.44840449E+00
  1245.00      0.12059366E+01     -0.31873822E+00
  1250.00      0.11906747E+01     -0.20031964E+00
  1255.00      0.11625072E+01     -0.94571748E-01
  1260.00      0.11253229E+01     -0.17262141E-02
  1265.00      0.10822695E+01      0.78754862E-01
  1270.00      0.10358196E+01      0.14784095E+00
  1275.00      0.98776357E+00      0.20664720E+00
  1280.00      0.93946918E+00      0.25637361E+00
  1285.00      0.89185037E+00      0.29812482E+00
  1290.00      0.84556809E+00      0.33294422E+00
  1295.00      0.80103750E+00      0.36173372E+00
  1300.00      0.75849783E+00      0.38529507E+00
  1305.00      0.71815787E+00      0.40433189E+00
  1310.00      0.68008909E+00      0.41943209E+00
  1315.00      0.64429643E+00      0.43110953E+00
  1320.00      0.61080894E+00      0.43980575E+00
  1325.00      0.57954285E+00      0.44589450E+00
  1330.00      0.55043213E+00      0.44969470E+00
  1335.00      0.52343615E+00      0.45149221E+00
  1340.00      0.49848785E+00      0.45153252E+00
  1345.00      0.47552050E+00      0.45003104E+00
  1350.00      0.45446676E+00      0.44718124E+00
  1355.00      0.43525676E+00      0.44315410E+00
  1360.00      0.41783176E+00      0.43810700E+00
  1365.00      0.40213039E+00      0.43218406E+00
  1370.00      0.38809358E+00      0.42551805E+00
  1375.00      0.37566771E+00      0.41823339E+00
  1380.00      0.36479948E+00      0.41044645E+00
  1385.00      0.35543992E+00      0.40226882E+00
  1390.00      0.34753099E+00      0.39379889E+00
  1395.00      0.34103116E+00      0.38514219E+00
  1400.00      0.33588957E+00      0.37639080E+00
  1405.00      0.33205629E+00      0.36763537E+00
  1410.00      0.32948027E+00      0.35896165E+00
  1415.00      0.32811021E+00      0.35045209E+00
  1420.00      0.32789231E+00      0.34218527E+00
  1425.00      0.32877114E+00      0.33423564E+00
  1430.00      0.33068940E+00      0.32667389E+00
  1435.00      0.33360055E+00      0.31956899E+00
  1440.00      0.33739976E+00      0.31296540E+00
  1445.00      0.34203631E+00      0.30693838E+00
  1450.00      0.34748622E+00      0.30153820E+00
  1455.00      0.35366320E+00      0.29680800E+00
  1460.00      0.36048357E+00      0.29277859E+00
  1465.00      0.36777402E+00      0.28949315E+00
  1470.00      0.37550901E+00      0.28697251E+00
  1475.00      0.38379237E+00      0.28522944E+00
  1480.00      0.39260600E+00      0.28427434E+00
  1485.00      0.40162334E+00      0.28413280E+00
  1490.00      0.41083089E+00      0.28491613E+00
  1495.00      0.42012038E+00      0.28654115E+00
  1500.00      0.42942558E+00      0.28897067E+00
  1505.00      0.43868567E+00      0.29216401E+00
  1510.00      0.44788902E+00      0.29610949E+00
  1515.00      0.45696983E+00      0.30076276E+00
  1520.00      0.46590127E+00      0.30610059E+00
  1525.00      0.47465612E+00      0.31209958E+00
  1530.00      0.48321142E+00      0.31873801E+00
  1535.00      0.49154839E+00      0.32599912E+00
  1540.00      0.49965148E+00      0.33387076E+00
  1545.00      0.50750695E+00      0.34234784E+00
  1550.00      0.51506598E+00      0.35149937E+00
  1555.00      0.52259203E+00      0.36078094E+00
  1560.00      0.52974560E+00      0.37081696E+00
  1565.00      0.53638419E+00      0.38195450E+00
  1570.00      0.54254729E+00      0.39405336E+00
  1575.00      0.54848376E+00      0.40640313E+00
  1580.00      0.55408211E+00      0.41948946E+00
  1585.00      0.55926497E+00      0.43335174E+00
  1590.00      0.56387274E+00      0.44803257E+00
  1595.00      0.56788012E+00      0.46356636E+00
  1600.00      0.57124107E+00      0.47998670E+00
  1605.00      0.57387725E+00      0.49731626E+00
  1610.00      0.57576872E+00      0.51570788E+00
  1615.00      0.57671621E+00      0.53522691E+00
  1620.00      0.57641900E+00      0.55586473E+00
  1625.00      0.57474104E+00      0.57751814E+00
  1630.00      0.57155738E+00      0.60011066E+00
  1635.00      0.56674441E+00      0.62355836E+00
  1640.00      0.56018587E+00      0.64775458E+00
  1645.00      0.55177318E+00      0.67257232E+00
  1650.00      0.54144713E+00      0.69776367E+00
  1655.00      0.52904238E+00      0.72339059E+00
  1660.00      0.51422972E+00      0.74905148E+00
  1665.00      0.49788113E+00      0.77492172E+00
  1670.00      0.47902872E+00      0.80028269E+00
  1675.00      0.45797325E+00      0.82526143E+00
  1680.00      0.43464167E+00      0.84964623E+00
  1685.00      0.40860357E+00      0.87312428E+00
  1690.00      0.38008216E+00      0.89464891E+00
  1695.00      0.34983274E+00      0.91391973E+00
  1700.00      0.31828771E+00      0.93089822E+00
  1705.00      0.28580191E+00      0.94555486E+00
  1710.00      0.25270472E+00      0.95785833E+00
  1715.00      0.21927448E+00      0.96786495E+00
  1720.00      0.18580699E+00      0.97560552E+00
  1725.00      0.15258308E+00      0.98114564E+00
  1730.00      0.11978356E+00      0.98458554E+00
  1735.00      0.87594828E-01      0.98603461E+00
  1740.00      0.56165380E-01      0.98560585E+00
  1745.00      0.25609236E-01      0.98339992E+00
  1750.00     -0.39818059E-02      0.97953145E+00
  1755.00     -0.32556174E-01      0.97409345E+00
  1760.00     -0.60040953E-01      0.96719205E+00
  1765.00     -0.86382586E-01      0.95890454E+00
  1770.00     -0.11163163E+00      0.94930140E+00
  1775.00     -0.13572841E+00      0.93844895E+00
  1780.00     -0.15866081E+00      0.92640510E+00
  1785.00     -0.18041725E+00      0.91322130E+00
  1790.00     -0.20098056E+00      0.89894962E+00
  1795.00     -0.22033597E+00      0.88363749E+00
  1800.00     -0.23845922E+00      0.86733809E+00
  1805.00     -0.25539954E+00      0.84994272E+00
  1810.00     -0.27126239E+00      0.83074561E+00
  1815.00     -0.28513525E+00      0.81326574E+00
  1820.00     -0.29999044E+00      0.79076904E+00
  1825.00     -0.30966869E+00      0.77316321E+00
  1830.00     -0.31982791E+00      0.75231586E+00
  1835.00     -0.32855479E+00      0.73100048E+00
  1840.00     -0.33594550E+00      0.70936206E+00
  1845.00     -0.34186733E+00      0.68741139E+00
  1850.00     -0.34637884E+00      0.66541408E+00
  1855.00     -0.34950616E+00      0.64334309E+00
  1860.00     -0.35129918E+00      0.62134072E+00
  1865.00     -0.35176245E+00      0.59953647E+00
  1870.00     -0.35092603E+00      0.57806561E+00
  1875.00     -0.34441301E+00      0.56027752E+00
  1880.00     -0.34579488E+00      0.53630703E+00
  1885.00     -0.34161468E+00      0.51621554E+00
  1890.00     -0.33646760E+00      0.49674234E+00
  1895.00     -0.33044122E+00      0.47794355E+00
  1900.00     -0.32362371E+00      0.45986195E+00
  1905.00     -0.31610465E+00      0.44253198E+00
  1910.00     -0.30797445E+00      0.42597812E+00
  1915.00     -0.29931676E+00      0.41021512E+00
  1920.00     -0.29021479E+00      0.39524719E+00
  1925.00     -0.28074715E+00      0.38107275E+00
  1930.00     -0.27098602E+00      0.36767999E+00
  1935.00     -0.26099929E+00      0.35505525E+00
  1940.00     -0.25084677E+00      0.34317807E+00
  1945.00     -0.24058723E+00      0.33202556E+00
  1950.00     -0.23027170E+00      0.32157018E+00
  1955.00     -0.21993917E+00      0.31178502E+00
  1960.00     -0.20963144E+00      0.30264026E+00
  1965.00     -0.19938264E+00      0.29410663E+00
  1970.00     -0.18922167E+00      0.28615415E+00
  1975.00     -0.17917184E+00      0.27875437E+00
  1980.00     -0.16999819E+00      0.27123821E+00
  1985.00     -0.15950389E+00      0.26549711E+00
  1990.00     -0.14991576E+00      0.25958724E+00
  1995.00     -0.14050932E+00      0.25412231E+00
  2000.00     -0.12985471E+00      0.24765597E+00
  2005.00     -0.12219617E+00      0.24484258E+00
  2010.00     -0.11347937E+00      0.24002759E+00
  2015.00     -0.10486961E+00      0.23612647E+00
  2020.00     -0.96593725E-01      0.23268261E+00
  2025.00     -0.88466892E-01      0.22940768E+00
  2030.00     -0.80582241E-01      0.22644278E+00
  2035.00     -0.72936001E-01      0.22375069E+00
  2040.00     -0.65530108E-01      0.22133786E+00
  2045.00     -0.58366637E-01      0.21917885E+00
  2050.00     -0.51444022E-01      0.21725214E+00
  2055.00     -0.44765390E-01      0.21554784E+00
  2060.00     -0.38331053E-01      0.21405215E+00
  2065.00     -0.32142416E-01      0.21275106E+00
  2070.00     -0.26195225E-01      0.21163411E+00
  2075.00     -0.20486253E-01      0.21068862E+00
  2080.00     -0.15046023E-01      0.20989041E+00
  2085.00     -0.98160668E-02      0.20925642E+00
  2090.00     -0.48377753E-02      0.20875133E+00
  2095.00     -0.97697475E-04      0.20837016E+00
  2100.00      0.44079040E-02      0.20810390E+00
  2105.00      0.86810582E-02      0.20794217E+00
  2110.00      0.12719079E-01      0.20787812E+00
  2115.00      0.16533649E-01      0.20789278E+00
  2120.00      0.20128363E-01      0.20798685E+00
  2125.00      0.23501421E-01      0.20814531E+00
  2130.00      0.26661957E-01      0.20835937E+00
  2135.00      0.29606545E-01      0.20862808E+00
  2140.00      0.32344646E-01      0.20893885E+00
  2145.00      0.34883197E-01      0.20928395E+00
  2150.00      0.37495514E-01      0.20935807E+00
  2155.00      0.39375020E-01      0.21004945E+00
  2160.00      0.41338068E-01      0.21045660E+00
  2165.00      0.43125362E-01      0.21087444E+00
  2170.00      0.44736003E-01      0.21129456E+00
  2175.00      0.46178224E-01      0.21171334E+00
  2180.00      0.47458020E-01      0.21212594E+00
  2185.00      0.48581158E-01      0.21252814E+00
  2190.00      0.49553814E-01      0.21291621E+00
  2195.00      0.50368511E-01      0.21328092E+00
  2200.00      0.51061642E-01      0.21363254E+00
  2205.00      0.51628638E-01      0.21396339E+00
  2210.00      0.52056570E-01      0.21426364E+00
  2215.00      0.52363264E-01      0.21453635E+00
  2220.00      0.51975433E-01      0.21461467E+00
  2225.00      0.52637025E-01      0.21500158E+00
  2230.00      0.52607558E-01      0.21518195E+00
  2235.00      0.52486634E-01      0.21533089E+00
  2240.00      0.51903494E-01      0.21552288E+00
  2245.00      0.51182693E-01      0.21567227E+00
  2250.00      0.51695441E-01      0.21555085E+00
  2255.00      0.51094415E-01      0.21558282E+00
  2260.00      0.50544516E-01      0.21555998E+00
  2265.00      0.49920454E-01      0.21550512E+00
  2270.00      0.49229444E-01      0.21541572E+00
  2275.00      0.48473945E-01      0.21529378E+00
  2280.00      0.47657656E-01      0.21513964E+00
  2285.00      0.46783814E-01      0.21495425E+00
  2290.00      0.45854247E-01      0.21473715E+00
  2295.00      0.44869352E-01      0.21449185E+00
  2300.00      0.43815091E-01      0.21421448E+00
  2305.00      0.42768363E-01      0.21390354E+00
  2310.00      0.41677328E-01      0.21358452E+00
  2315.00      0.40506508E-01      0.21324042E+00
  2320.00      0.39288146E-01      0.21283905E+00
  2325.00      0.38059683E-01      0.21243995E+00
  2330.00      0.36828194E-01      0.21204823E+00
  2335.00      0.35528424E-01      0.21160270E+00
  2340.00      0.34203340E-01      0.21114250E+00
  2345.00      0.32849592E-01      0.21066430E+00
  2350.00      0.31468736E-01      0.21016935E+00
  2355.00      0.30060045E-01      0.20965472E+00
  2360.00      0.28629952E-01      0.20913144E+00
  2365.00      0.27175322E-01      0.20859234E+00
  2370.00      0.25698246E-01      0.20804010E+00
  2375.00      0.24199501E-01      0.20747618E+00
  2380.00      0.22680030E-01      0.20690150E+00
  2385.00      0.21141600E-01      0.20631663E+00
  2390.00      0.19584461E-01      0.20572326E+00
  2395.00      0.18008467E-01      0.20512122E+00
  2400.00      0.16415074E-01      0.20451159E+00
  2405.00      0.14804618E-01      0.20389542E+00
  2410.00      0.13178081E-01      0.20327307E+00
  2415.00      0.11535487E-01      0.20264495E+00
  2420.00      0.98772028E-02      0.20201193E+00
  2425.00      0.82111450E-02      0.20136875E+00
  2430.00      0.65170191E-02      0.20073473E+00
  2435.00      0.48167740E-02      0.20008565E+00
  2440.00      0.31014633E-02      0.19943726E+00
  2445.00      0.13723092E-02      0.19878627E+00
  2450.00     -0.36955041E-03      0.19813292E+00
  2455.00     -0.21271394E-02      0.19746349E+00
  2460.00     -0.40534558E-02      0.19659436E+00
  2465.00     -0.56616257E-02      0.19617910E+00
  2470.00     -0.74679766E-02      0.19549831E+00
  2475.00     -0.92722058E-02      0.19483679E+00
  2480.00     -0.11088092E-01      0.19417384E+00
  2485.00     -0.12915976E-01      0.19350971E+00
  2490.00     -0.13838615E-01      0.19229375E+00
  2495.00     -0.14305948E-01      0.19079550E+00
  2500.00     -0.18809393E-01      0.19172941E+00
