  1080.00      0.58847162E-02      0.14542747E-03
  1085.00      0.10622262E-01      0.20790122E-03
  1090.00      0.15684545E-01      0.22671723E-03
  1095.00      0.21075325E-01      0.19793577E-03
  1100.00      0.26798577E-01      0.11824670E-03
  1105.00      0.32858955E-01     -0.14989533E-04
  1110.00      0.39261334E-01     -0.20370643E-03
  1115.00      0.46011335E-01     -0.44911569E-03
  1120.00      0.53114915E-01     -0.75164379E-03
  1125.00      0.60578653E-01     -0.11109589E-02
  1130.00      0.68409531E-01     -0.15258857E-02
  1135.00      0.76615203E-01     -0.19944406E-02
  1140.00      0.85203966E-01     -0.25137952E-02
  1145.00      0.94184392E-01     -0.30802276E-02
  1150.00      0.10356593E+00     -0.36891806E-02
  1155.00      0.11335872E+00     -0.43351954E-02
  1160.00      0.12357284E+00     -0.50118987E-02
  1165.00      0.13421974E+00     -0.57120391E-02
  1170.00      0.14531100E+00     -0.64274488E-02
  1175.00      0.15685873E+00     -0.71490141E-02
  1180.00      0.16887616E+00     -0.78667567E-02
  1185.00      0.18137667E+00     -0.85697294E-02
  1190.00      0.19437436E+00     -0.92460640E-02
  1195.00      0.20788424E+00     -0.98829682E-02
  1200.00      0.22192147E+00     -0.10466683E-01
  1205.00      0.23650230E+00     -0.10982518E-01
  1210.00      0.25164361E+00     -0.11414569E-01
  1215.00      0.26736175E+00     -0.11742911E-01
  1220.00      0.28367524E+00     -0.11947687E-01
  1225.00      0.30060351E+00     -0.12008407E-01
  1230.00      0.31816752E+00     -0.11903177E-01
  1235.00      0.33638826E+00     -0.11608530E-01
  1240.00      0.35528946E+00     -0.11099343E-01
  1245.00      0.37489493E+00     -0.10348646E-01
  1250.00      0.39523078E+00     -0.93274168E-02
  1255.00      0.41632424E+00     -0.80043059E-02
  1260.00      0.43820397E+00     -0.63455658E-02
  1265.00      0.46089630E+00     -0.43181184E-02
  1270.00      0.48445855E+00     -0.18637271E-02
  1275.00      0.50888823E+00      0.10323180E-02
  1280.00      0.53425361E+00      0.44461215E-02
  1285.00      0.56058079E+00      0.84147647E-02
  1290.00      0.58791894E+00      0.13011899E-01
  1295.00      0.61631296E+00      0.18296026E-01
  1300.00      0.64581408E+00      0.24349030E-01
  1305.00      0.67646717E+00      0.31263047E-01
  1310.00      0.70833538E+00      0.39131030E-01
  1315.00      0.74146936E+00      0.48070352E-01
  1320.00      0.77592393E+00      0.58207763E-01
  1325.00      0.81173730E+00      0.69687561E-01
  1330.00      0.84897414E+00      0.82666620E-01
  1335.00      0.88765990E+00      0.97319244E-01
  1340.00      0.92781987E+00      0.11383118E+00
  1345.00      0.96946424E+00      0.13239887E+00
  1350.00      0.10125488E+01      0.15321863E+00
  1355.00      0.10571556E+01      0.17651811E+00
  1360.00      0.11031530E+01      0.20249431E+00
  1365.00      0.11505197E+01      0.23137267E+00
  1370.00      0.11991994E+01      0.26338504E+00
  1375.00      0.12491234E+01      0.29877481E+00
  1380.00      0.13002171E+01      0.33780885E+00
  1385.00      0.13524032E+01      0.38078537E+00
  1390.00      0.14055458E+01      0.42802198E+00
  1395.00      0.14595667E+01      0.47991373E+00
  1400.00      0.15142931E+01      0.53688422E+00
  1405.00      0.15695251E+01      0.59942410E+00
  1410.00      0.16250026E+01      0.66809858E+00
  1415.00      0.16803773E+01      0.74354490E+00
  1420.00      0.17351854E+01      0.82648020E+00
  1425.00      0.17888128E+01      0.91769925E+00
  1430.00      0.18404482E+01      0.10180720E+01
  1435.00      0.18890391E+01      0.11285404E+01
  1440.00      0.19331481E+01      0.12499794E+01
  1445.00      0.19710632E+01      0.13833494E+01
  1450.00      0.20005124E+01      0.15293859E+01
  1455.00      0.20187073E+01      0.16885640E+01
  1460.00      0.20222557E+01      0.18608778E+01
  1465.00      0.20072009E+01      0.20455592E+01
  1470.00      0.19691153E+01      0.22407460E+01
  1475.00      0.19033780E+01      0.24431275E+01
  1480.00      0.18056640E+01      0.26475998E+01
  1485.00      0.16726949E+01      0.28471100E+01
  1490.00      0.15031219E+01      0.30328368E+01
  1495.00      0.12985111E+01      0.31948605E+01
  1500.00      0.10639597E+01      0.33233546E+01
  1505.00      0.80811431E+00      0.34101229E+01
  1510.00      0.54240809E+00      0.34502759E+01
  1515.00      0.27942013E+00      0.34430848E+01
  1520.00      0.31020891E-01      0.33922059E+01
  1525.00     -0.19336240E+00      0.33047634E+01
  1530.00     -0.38766171E+00      0.31899060E+01
  1535.00     -0.54930995E+00      0.30572350E+01
  1540.00     -0.67872991E+00      0.29155393E+01
  1545.00     -0.77845744E+00      0.27720377E+01
  1550.00     -0.85225527E+00      0.26321288E+01
  1555.00     -0.90436290E+00      0.24994674E+01
  1560.00     -0.93893579E+00      0.23762086E+01
  1565.00     -0.95987438E+00      0.22634616E+01
  1570.00     -0.97044197E+00      0.21613812E+01
  1575.00     -0.97345737E+00      0.20696687E+01
  1580.00     -0.97118789E+00      0.19876634E+01
  1585.00     -0.96543701E+00      0.19144945E+01
  1590.00     -0.95761001E+00      0.18492205E+01
  1595.00     -0.94878026E+00      0.17908772E+01
  1600.00     -0.93974526E+00      0.17385134E+01
  1605.00     -0.93107670E+00      0.16912279E+01
  1610.00     -0.92318290E+00      0.16482079E+01
  1615.00     -0.91630792E+00      0.16086803E+01
  1620.00     -0.91059028E+00      0.15719620E+01
  1625.00     -0.90606968E+00      0.15374385E+01
  1630.00     -0.90271259E+00      0.15045640E+01
  1635.00     -0.90042247E+00      0.14728618E+01
  1640.00     -0.89905155E+00      0.14419253E+01
  1645.00     -0.89841802E+00      0.14114128E+01
  1650.00     -0.89827197E+00      0.13810682E+01
  1655.00     -0.89848149E+00      0.13506358E+01
  1660.00     -0.89867131E+00      0.13200035E+01
  1665.00     -0.89858055E+00      0.12890863E+01
  1670.00     -0.89837321E+00      0.12578693E+01
  1675.00     -0.89731590E+00      0.12263509E+01
  1680.00     -0.89541263E+00      0.11946169E+01
  1685.00     -0.89247805E+00      0.11627785E+01
  1690.00     -0.88836801E+00      0.11309854E+01
  1695.00     -0.88296961E+00      0.10994076E+01
  1700.00     -0.87620526E+00      0.10682291E+01
  1705.00     -0.86802867E+00      0.10376416E+01
  1710.00     -0.85842250E+00      0.10078382E+01
  1715.00     -0.84739145E+00      0.97897879E+00
  1720.00     -0.83591343E+00      0.95136275E+00
  1725.00     -0.82119405E+00      0.92483965E+00
  1730.00     -0.80613885E+00      0.89985969E+00
  1735.00     -0.78987977E+00      0.87643494E+00
  1740.00     -0.77251208E+00      0.85468227E+00
  1745.00     -0.75414930E+00      0.83470672E+00
  1750.00     -0.73493694E+00      0.81659046E+00
  1755.00     -0.71502460E+00      0.80038716E+00
  1760.00     -0.69463153E+00      0.78615250E+00
  1765.00     -0.67395288E+00      0.77390166E+00
  1770.00     -0.65319706E+00      0.76357436E+00
  1775.00     -0.63258065E+00      0.75513255E+00
  1780.00     -0.61229673E+00      0.74848767E+00
  1785.00     -0.59251418E+00      0.74352933E+00
  1790.00     -0.57559981E+00      0.74068573E+00
  1795.00     -0.55498787E+00      0.73816932E+00
  1800.00     -0.53743555E+00      0.73750549E+00
  1805.00     -0.52076676E+00      0.73800816E+00
  1810.00     -0.50503721E+00      0.73957884E+00
  1815.00     -0.49026241E+00      0.74210145E+00
  1820.00     -0.47644543E+00      0.74546837E+00
  1825.00     -0.46359864E+00      0.74959804E+00
  1830.00     -0.45172218E+00      0.75440762E+00
  1835.00     -0.44081471E+00      0.75982090E+00
  1840.00     -0.43086739E+00      0.76576911E+00
  1845.00     -0.42189322E+00      0.77217447E+00
  1850.00     -0.41386857E+00      0.77899912E+00
  1855.00     -0.40679160E+00      0.78614542E+00
  1860.00     -0.40064490E+00      0.79355867E+00
  1865.00     -0.39542330E+00      0.80117981E+00
  1870.00     -0.39111415E+00      0.80895790E+00
  1875.00     -0.38767492E+00      0.81681786E+00
  1880.00     -0.38508873E+00      0.82471312E+00
  1885.00     -0.38332495E+00      0.83259370E+00
  1890.00     -0.38235111E+00      0.84041332E+00
  1895.00     -0.38213225E+00      0.84813552E+00
  1900.00     -0.38263439E+00      0.85572160E+00
  1905.00     -0.38382240E+00      0.86314713E+00
  1910.00     -0.38566229E+00      0.87037447E+00
  1915.00     -0.38812216E+00      0.87739443E+00
  1920.00     -0.39117092E+00      0.88418324E+00
  1925.00     -0.39477982E+00      0.89072445E+00
  1930.00     -0.39892249E+00      0.89700502E+00
  1935.00     -0.40357368E+00      0.90301028E+00
  1940.00     -0.40870974E+00      0.90873143E+00
  1945.00     -0.41431035E+00      0.91415078E+00
  1950.00     -0.42035422E+00      0.91926191E+00
  1955.00     -0.42682167E+00      0.92405165E+00
  1960.00     -0.43369410E+00      0.92850893E+00
  1965.00     -0.44095382E+00      0.93261955E+00
  1970.00     -0.44857963E+00      0.93637577E+00
  1975.00     -0.45655929E+00      0.93977354E+00
  1980.00     -0.46493067E+00      0.94290411E+00
  1985.00     -0.47347238E+00      0.94538513E+00
  1990.00     -0.48237553E+00      0.94759470E+00
  1995.00     -0.49154902E+00      0.94938916E+00
  2000.00     -0.50094832E+00      0.95075032E+00
  2005.00     -0.51056835E+00      0.95170208E+00
  2010.00     -0.52018516E+00      0.95213759E+00
  2015.00     -0.53016414E+00      0.95203941E+00
  2020.00     -0.54062869E+00      0.95177812E+00
  2025.00     -0.55085226E+00      0.95085751E+00
  2030.00     -0.56119990E+00      0.94948230E+00
  2035.00     -0.57161713E+00      0.94763882E+00
  2040.00     -0.58206747E+00      0.94532301E+00
  2045.00     -0.59252813E+00      0.94253816E+00
  2050.00     -0.60296901E+00      0.93929285E+00
  2055.00     -0.61334298E+00      0.93558665E+00
  2060.00     -0.62363693E+00      0.93143273E+00
  2065.00     -0.63382296E+00      0.92684071E+00
  2070.00     -0.64387239E+00      0.92182696E+00
  2075.00     -0.65355228E+00      0.91669745E+00
  2080.00     -0.65855516E+00      0.91303126E+00
  2085.00     -0.65948748E+00      0.90340174E+00
  2090.00     -0.68435871E+00      0.89788940E+00
  2095.00     -0.69130298E+00      0.89099513E+00
  2100.00     -0.70009044E+00      0.88381639E+00
  2105.00     -0.70861000E+00      0.87635234E+00
  2110.00     -0.71685054E+00      0.86862359E+00
  2115.00     -0.72479156E+00      0.86066099E+00
  2120.00     -0.73245140E+00      0.85247883E+00
  2125.00     -0.73981404E+00      0.84410286E+00
  2130.00     -0.74687771E+00      0.83555534E+00
  2135.00     -0.75364553E+00      0.82685656E+00
  2140.00     -0.76011741E+00      0.81803023E+00
  2145.00     -0.76628599E+00      0.80909490E+00
  2150.00     -0.77216318E+00      0.80006920E+00
  2155.00     -0.77774984E+00      0.79096910E+00
  2160.00     -0.78305808E+00      0.78181317E+00
  2165.00     -0.78809188E+00      0.77261424E+00
  2170.00     -0.79285911E+00      0.76338672E+00
  2175.00     -0.79736697E+00      0.75414130E+00
  2180.00     -0.80162413E+00      0.74488999E+00
  2185.00     -0.80563853E+00      0.73564292E+00
  2190.00     -0.80941889E+00      0.72640773E+00
  2195.00     -0.81297284E+00      0.71719281E+00
  2200.00     -0.81630880E+00      0.70800522E+00
  2205.00     -0.81943445E+00      0.69885087E+00
  2210.00     -0.82235759E+00      0.68973469E+00
  2215.00     -0.82508218E+00      0.68066078E+00
  2220.00     -0.82762150E+00      0.67165212E+00
  2225.00     -0.82997729E+00      0.66265765E+00
  2230.00     -0.83215698E+00      0.65373700E+00
  2235.00     -0.83416684E+00      0.64487160E+00
  2240.00     -0.83601175E+00      0.63606501E+00
  2245.00     -0.83770914E+00      0.62755609E+00
  2250.00     -0.83925163E+00      0.61899126E+00
  2255.00     -0.84060479E+00      0.60996001E+00
  2260.00     -0.84184740E+00      0.60146937E+00
  2265.00     -0.84293534E+00      0.59298787E+00
  2270.00     -0.84389165E+00      0.58457561E+00
  2275.00     -0.84471306E+00      0.57623580E+00
  2280.00     -0.84540395E+00      0.56796887E+00
  2285.00     -0.84596802E+00      0.55977695E+00
  2290.00     -0.84641057E+00      0.55166359E+00
  2295.00     -0.84671594E+00      0.54361921E+00
  2300.00     -0.84691605E+00      0.53568754E+00
  2305.00     -0.84695906E+00      0.52789865E+00
  2310.00     -0.84696294E+00      0.52005330E+00
  2315.00     -0.84687129E+00      0.51225980E+00
  2320.00     -0.84666708E+00      0.50467195E+00
  2325.00     -0.84633041E+00      0.49712665E+00
  2330.00     -0.84584903E+00      0.48963783E+00
  2335.00     -0.84532345E+00      0.48227355E+00
  2340.00     -0.84469803E+00      0.47499405E+00
  2345.00     -0.84398259E+00      0.46780487E+00
  2350.00     -0.84318021E+00      0.46070716E+00
  2355.00     -0.84229401E+00      0.45370200E+00
  2360.00     -0.84132607E+00      0.44678938E+00
  2365.00     -0.84027690E+00      0.43996890E+00
  2370.00     -0.83915657E+00      0.43324574E+00
  2375.00     -0.83796339E+00      0.42661739E+00
  2380.00     -0.83670123E+00      0.42008607E+00
  2385.00     -0.83537294E+00      0.41364949E+00
  2390.00     -0.83398129E+00      0.40731052E+00
  2395.00     -0.83252920E+00      0.40106856E+00
  2400.00     -0.83102035E+00      0.39492426E+00
  2405.00     -0.82945324E+00      0.38887680E+00
  2410.00     -0.82783837E+00      0.38292737E+00
  2415.00     -0.82617369E+00      0.37707572E+00
  2420.00     -0.82446193E+00      0.37132084E+00
  2425.00     -0.82277179E+00      0.36570205E+00
  2430.00     -0.82095564E+00      0.36011987E+00
  2435.00     -0.81912383E+00      0.35465787E+00
  2440.00     -0.81725494E+00      0.34929036E+00
  2445.00     -0.81535276E+00      0.34401851E+00
  2450.00     -0.81342000E+00      0.33884141E+00
  2455.00     -0.81150434E+00      0.33375709E+00
  2460.00     -0.80979927E+00      0.32871735E+00
  2465.00     -0.80742487E+00      0.32388075E+00
  2470.00     -0.80542326E+00      0.31907296E+00
  2475.00     -0.80337110E+00      0.31436179E+00
  2480.00     -0.80130281E+00      0.30974232E+00
  2485.00     -0.79921917E+00      0.30521248E+00
  2490.00     -0.79602530E+00      0.30706658E+00
  2495.00     -0.79285616E+00      0.31168097E+00
  2500.00     -0.79328235E+00      0.28972257E+00
