  1080.00      0.35382230E-10      0.86863728E-11
  1085.00      0.23152565E-10      0.90363860E-11
  1090.00      0.81425698E-10      0.29577259E-10
  1095.00      0.45079276E-10      0.30938379E-10
  1100.00      0.40895293E-10      0.48754389E-10
  1105.00     -0.52933578E-10      0.57393897E-10
  1110.00      0.12063230E-09      0.15530948E-09
  1115.00     -0.10374112E-10      0.19563249E-09
  1120.00      0.86680414E-10      0.33173682E-09
  1125.00      0.50576131E-09      0.62120514E-09
  1130.00      0.43093645E-09      0.82693911E-09
  1135.00      0.49680569E-09      0.11420587E-08
  1140.00      0.75886777E-09      0.16264823E-08
  1145.00      0.79783864E-09      0.21711589E-08
  1150.00      0.90404518E-09      0.28800631E-08
  1155.00      0.53475254E-09      0.36283229E-08
  1160.00      0.10649146E-08      0.48836834E-08
  1165.00      0.74029415E-09      0.61712171E-08
  1170.00      0.95206718E-09      0.79644362E-08
  1175.00      0.13383871E-08      0.10230975E-07
  1180.00      0.14761004E-08      0.12927212E-07
  1185.00      0.24717820E-08      0.16520031E-07
  1190.00      0.28151090E-08      0.20570219E-07
  1195.00      0.26043009E-08      0.25200219E-07
  1200.00      0.21260155E-08      0.30582344E-07
  1205.00      0.92192383E-09      0.36801904E-07
  1210.00      0.89417038E-09      0.44683319E-07
  1215.00      0.27480986E-09      0.53834362E-07
  1220.00     -0.10821635E-08      0.64320736E-07
  1225.00     -0.10959135E-08      0.77193081E-07
  1230.00     -0.15682893E-08      0.92198129E-07
  1235.00     -0.20936128E-08      0.10962401E-06
  1240.00     -0.49738359E-08      0.12859324E-06
  1245.00     -0.89340298E-08      0.14993505E-06
  1250.00     -0.77304414E-08      0.17821236E-06
  1255.00     -0.16867657E-08      0.21377268E-06
  1260.00      0.22899669E-07      0.26632245E-06
  1265.00      0.12580156E-05      0.11411218E-05
  1270.00     -0.39728764E-06      0.70240370E-07
  1275.00     -0.89103922E-06     -0.21172328E-06
  1280.00      0.12866367E-06      0.53569007E-06
  1285.00     -0.23209263E-06      0.35837506E-06
  1290.00      0.26330966E-06      0.76473196E-06
  1295.00      0.17041252E-06      0.78543209E-06
  1300.00      0.41220871E-06      0.10405977E-05
  1305.00     -0.30226077E-06      0.65876834E-06
  1310.00     -0.14081444E-06      0.88122709E-06
  1315.00     -0.73546929E-07      0.10508963E-05
  1320.00      0.23670504E-06      0.13973009E-05
  1325.00     -0.67959544E-06      0.93367569E-06
  1330.00     -0.44379682E-06      0.12579247E-05
  1335.00     -0.42778273E-06      0.14505634E-05
  1340.00     -0.45089100E-06      0.16341494E-05
  1345.00     -0.51791311E-06      0.18061294E-05
  1350.00      0.31882847E-06      0.26198460E-05
  1355.00     -0.46505230E-06      0.23389623E-05
  1360.00     -0.55189137E-06      0.25603183E-05
  1365.00     -0.63232098E-06      0.28090586E-05
  1370.00     -0.71704418E-06      0.30808074E-05
  1375.00     -0.81773507E-06      0.33678627E-05
  1380.00     -0.98847370E-06      0.36359117E-05
  1385.00     -0.20995430E-05      0.33041059E-05
  1390.00     -0.60827409E-06      0.47447769E-05
  1395.00     -0.87845097E-06      0.50396674E-05
  1400.00     -0.10248969E-05      0.54515037E-05
  1405.00     -0.11535043E-05      0.59120803E-05
  1410.00     -0.12791073E-05      0.64115712E-05
  1415.00     -0.14059122E-05      0.69505698E-05
  1420.00     -0.15418606E-05      0.75256206E-05
  1425.00     -0.16902973E-05      0.81351894E-05
  1430.00     -0.18663793E-05      0.87729837E-05
  1435.00     -0.26977209E-05      0.90385763E-05
  1440.00     -0.20452113E-05      0.10302958E-04
  1445.00     -0.22529800E-05      0.11068599E-04
  1450.00     -0.24456826E-05      0.11897107E-04
  1455.00     -0.26403844E-05      0.12780209E-04
  1460.00     -0.28435739E-05      0.13715056E-04
  1465.00     -0.30592281E-05      0.14702603E-04
  1470.00     -0.32833900E-05      0.15746431E-04
  1475.00     -0.35177094E-05      0.16848740E-04
  1480.00     -0.37670139E-05      0.18007721E-04
  1485.00     -0.40222856E-05      0.19232720E-04
  1490.00     -0.42803415E-05      0.20527409E-04
  1495.00     -0.45426601E-05      0.21893353E-04
  1500.00     -0.47210729E-05      0.23392723E-04
  1505.00     -0.63813756E-05      0.23984758E-04
  1510.00     -0.58116915E-05      0.26141338E-04
  1515.00     -0.60947175E-05      0.27814348E-04
  1520.00     -0.64531372E-05      0.29524253E-04
  1525.00     -0.68438366E-05      0.31301550E-04
  1530.00     -0.72569569E-05      0.33155678E-04
  1535.00     -0.76964662E-05      0.35085857E-04
  1540.00     -0.81622844E-05      0.37095691E-04
  1545.00     -0.86530188E-05      0.39187568E-04
  1550.00     -0.91666817E-05      0.41365722E-04
  1555.00     -0.97100775E-05      0.43628142E-04
  1560.00     -0.10280392E-04      0.45979066E-04
  1565.00     -0.10882016E-04      0.48418101E-04
  1570.00     -0.11509322E-04      0.50952530E-04
  1575.00     -0.12170910E-04      0.53577636E-04
  1580.00     -0.12864232E-04      0.56298388E-04
  1585.00     -0.13588493E-04      0.59116829E-04
  1590.00     -0.14345331E-04      0.62035143E-04
  1595.00     -0.15107508E-04      0.65072466E-04
  1600.00     -0.15786565E-04      0.68287952E-04
  1605.00     -0.17289327E-04      0.71104263E-04
  1610.00     -0.18004374E-04      0.74553257E-04
  1615.00     -0.18943923E-04      0.77990250E-04
  1620.00     -0.19965664E-04      0.81507918E-04
  1625.00     -0.21037987E-04      0.85128433E-04
  1630.00     -0.22172441E-04      0.88847034E-04
  1635.00     -0.23364725E-04      0.92667475E-04
  1640.00     -0.24615257E-04      0.96591506E-04
  1645.00     -0.25930131E-04      0.10061721E-03
  1650.00     -0.27307123E-04      0.10474700E-03
  1655.00     -0.28753699E-04      0.10897742E-03
  1660.00     -0.30270220E-04      0.11330948E-03
  1665.00     -0.31858265E-04      0.11774413E-03
  1670.00     -0.33523294E-04      0.12227808E-03
  1675.00     -0.35268204E-04      0.12691068E-03
  1680.00     -0.37094207E-04      0.13164159E-03
  1685.00     -0.39007664E-04      0.13646754E-03
  1690.00     -0.41009928E-04      0.14138805E-03
  1695.00     -0.43103931E-04      0.14640126E-03
  1700.00     -0.45295984E-04      0.15150298E-03
  1705.00     -0.47585465E-04      0.15669398E-03
  1710.00     -0.49981328E-04      0.16196746E-03
  1715.00     -0.52482610E-04      0.16732338E-03
  1720.00     -0.55096696E-04      0.17275692E-03
  1725.00     -0.57825429E-04      0.17826462E-03
  1730.00     -0.60675583E-04      0.18384164E-03
  1735.00     -0.63648212E-04      0.18948581E-03
  1740.00     -0.66754552E-04      0.19518709E-03
  1745.00     -0.70005000E-04      0.20093710E-03
  1750.00     -0.73494814E-04      0.20667081E-03
  1755.00     -0.76617095E-04      0.21278237E-03
  1760.00     -0.80380923E-04      0.21860951E-03
  1765.00     -0.84191288E-04      0.22453695E-03
  1770.00     -0.88141826E-04      0.23050002E-03
  1775.00     -0.92240518E-04      0.23648982E-03
  1780.00     -0.96496625E-04      0.24249490E-03
  1785.00     -0.10091225E-03      0.24851046E-03
  1790.00     -0.10549625E-03      0.25452463E-03
  1795.00     -0.11024723E-03      0.26053266E-03
  1800.00     -0.11517332E-03      0.26652367E-03
  1805.00     -0.12027572E-03      0.27248993E-03
  1810.00     -0.12556001E-03      0.27842237E-03
  1815.00     -0.13102684E-03      0.28431234E-03
  1820.00     -0.13668425E-03      0.29015492E-03
  1825.00     -0.14252044E-03      0.29588029E-03
  1830.00     -0.14857389E-03      0.30157987E-03
  1835.00     -0.15479998E-03      0.30721470E-03
  1840.00     -0.16123365E-03      0.31272290E-03
  1845.00     -0.16786946E-03      0.31813207E-03
  1850.00     -0.17470780E-03      0.32340989E-03
  1855.00     -0.18176723E-03      0.32863716E-03
  1860.00     -0.18900963E-03      0.33359378E-03
  1865.00     -0.19646987E-03      0.33843834E-03
  1870.00     -0.20414085E-03      0.34310996E-03
  1875.00     -0.21205557E-03      0.34775752E-03
  1880.00     -0.22012357E-03      0.35192150E-03
  1885.00     -0.22843054E-03      0.35599882E-03
  1890.00     -0.23694957E-03      0.35985148E-03
  1895.00     -0.24568161E-03      0.36346154E-03
  1900.00     -0.25271422E-03      0.36002045E-03
  1905.00     -0.26378238E-03      0.36990381E-03
  1910.00     -0.27314615E-03      0.37269520E-03
  1915.00     -0.28271870E-03      0.37518377E-03
  1920.00     -0.29249585E-03      0.37735281E-03
  1925.00     -0.30247718E-03      0.37918616E-03
  1930.00     -0.31267324E-03      0.38075027E-03
  1935.00     -0.32303273E-03      0.38175767E-03
  1940.00     -0.33360483E-03      0.38248176E-03
  1945.00     -0.34436420E-03      0.38279922E-03
  1950.00     -0.35530675E-03      0.38269560E-03
  1955.00     -0.36643044E-03      0.38215215E-03
  1960.00     -0.37772648E-03      0.38115638E-03
  1965.00     -0.38920905E-03      0.37978290E-03
  1970.00     -0.40080803E-03      0.37769130E-03
  1975.00     -0.41258521E-03      0.37522314E-03
  1980.00     -0.42451049E-03      0.37222042E-03
  1985.00     -0.43658372E-03      0.36866532E-03
  1990.00     -0.44879418E-03      0.36454252E-03
  1995.00     -0.46123841E-03      0.35977215E-03
  2000.00     -0.47284279E-03      0.35497519E-03
  2005.00     -0.48535884E-03      0.34445443E-03
  2010.00     -0.49841181E-03      0.34224525E-03
  2015.00     -0.51109648E-03      0.33506107E-03
  2020.00     -0.52383472E-03      0.32721242E-03
  2025.00     -0.53661429E-03      0.31868482E-03
  2030.00     -0.54943011E-03      0.30945751E-03
  2035.00     -0.56226628E-03      0.29951532E-03
  2040.00     -0.57510768E-03      0.28884283E-03
  2045.00     -0.58794474E-03      0.27742267E-03
  2050.00     -0.60075308E-03      0.26522691E-03
  2055.00     -0.61352903E-03      0.25226598E-03
  2060.00     -0.62625960E-03      0.23849964E-03
  2065.00     -0.63863602E-03      0.22411224E-03
  2070.00     -0.65139987E-03      0.20858235E-03
  2075.00     -0.66385286E-03      0.19235133E-03
  2080.00     -0.67595603E-03      0.17537815E-03
  2085.00     -0.68832632E-03      0.15734469E-03
  2090.00     -0.70032548E-03      0.13853325E-03
  2095.00     -0.71213546E-03      0.11885363E-03
  2100.00     -0.72373168E-03      0.98257753E-04
  2105.00     -0.73507664E-03      0.76776227E-04
  2110.00     -0.74636929E-03      0.54243817E-04
  2115.00     -0.75712693E-03      0.30959999E-04
  2120.00     -0.76767022E-03      0.66867972E-05
  2125.00     -0.77790393E-03     -0.18537365E-04
  2130.00     -0.78779737E-03     -0.44713953E-04
  2135.00     -0.79732642E-03     -0.71851131E-04
  2140.00     -0.80647661E-03     -0.99910879E-04
  2145.00     -0.81519659E-03     -0.12900585E-03
  2150.00     -0.82345655E-03     -0.15903110E-03
  2155.00     -0.83137580E-03     -0.19010465E-03
  2160.00     -0.83870548E-03     -0.22209693E-03
  2165.00     -0.84554017E-03     -0.25508199E-03
  2170.00     -0.85184165E-03     -0.28905230E-03
  2175.00     -0.85758327E-03     -0.32401070E-03
  2180.00     -0.86273773E-03     -0.35995858E-03
  2185.00     -0.86728766E-03     -0.39686355E-03
  2190.00     -0.87119382E-03     -0.43478025E-03
  2195.00     -0.87443900E-03     -0.47366940E-03
  2200.00     -0.87699762E-03     -0.51353357E-03
  2205.00     -0.87884413E-03     -0.55436983E-03
  2210.00     -0.87996964E-03     -0.59618502E-03
  2215.00     -0.88023309E-03     -0.63889164E-03
  2220.00     -0.87980468E-03     -0.68263638E-03
  2225.00     -0.87855019E-03     -0.72727002E-03
  2230.00     -0.87644437E-03     -0.77286130E-03
  2235.00     -0.87347394E-03     -0.81937624E-03
  2240.00     -0.86961363E-03     -0.86680425E-03
  2245.00     -0.86483916E-03     -0.91513504E-03
  2250.00     -0.85911025E-03     -0.96440927E-03
  2255.00     -0.85245597E-03     -0.10144474E-02
  2260.00     -0.84479896E-03     -0.10654074E-02
  2265.00     -0.83613397E-03     -0.11172153E-02
  2270.00     -0.82644086E-03     -0.11698507E-02
  2275.00     -0.81569483E-03     -0.12233056E-02
  2280.00     -0.80387791E-03     -0.12775532E-02
  2285.00     -0.79096740E-03     -0.13325837E-02
  2290.00     -0.77694948E-03     -0.13883782E-02
  2295.00     -0.76138146E-03     -0.14446563E-02
  2300.00     -0.74542947E-03     -0.15021257E-02
  2305.00     -0.72794795E-03     -0.15600760E-02
  2310.00     -0.70927073E-03     -0.16186971E-02
  2315.00     -0.68938178E-03     -0.16779709E-02
  2320.00     -0.66826778E-03     -0.17378731E-02
  2325.00     -0.64591183E-03     -0.17983802E-02
  2330.00     -0.62230172E-03     -0.18594622E-02
  2335.00     -0.59741644E-03     -0.19211067E-02
  2340.00     -0.57124680E-03     -0.19832779E-02
  2345.00     -0.54377925E-03     -0.20459512E-02
  2350.00     -0.51500135E-03     -0.21090995E-02
  2355.00     -0.48490220E-03     -0.21726947E-02
  2360.00     -0.45346856E-03     -0.22367119E-02
  2365.00     -0.42069430E-03     -0.23011185E-02
  2370.00     -0.38656809E-03     -0.23658888E-02
  2375.00     -0.35108223E-03     -0.24309917E-02
  2380.00     -0.31422707E-03     -0.24963954E-02
  2385.00     -0.27600769E-03     -0.25620763E-02
  2390.00     -0.23640551E-03     -0.26279990E-02
  2395.00     -0.19542088E-03     -0.26941332E-02
  2400.00     -0.15304897E-03     -0.27604505E-02
  2405.00     -0.10930258E-03     -0.28269314E-02
  2410.00     -0.64146344E-04     -0.28935117E-02
  2415.00     -0.17607917E-04     -0.29601861E-02
  2420.00      0.30322855E-04     -0.30269206E-02
  2425.00      0.79640047E-04     -0.30936790E-02
  2430.00      0.13034761E-03     -0.31604337E-02
  2435.00      0.18243701E-03     -0.32271499E-02
  2440.00      0.23590536E-03     -0.32937961E-02
  2445.00      0.29075027E-03     -0.33603430E-02
  2450.00      0.34696483E-03     -0.34267573E-02
  2455.00      0.40451870E-03     -0.34930221E-02
  2460.00      0.46348211E-03     -0.35590719E-02
  2465.00      0.52375636E-03     -0.36249039E-02
  2470.00      0.58537077E-03     -0.36904812E-02
  2475.00      0.64822671E-03     -0.37558383E-02
  2480.00      0.71249874E-03     -0.38208024E-02
  2485.00      0.77806924E-03     -0.38854250E-02
  2490.00      0.84493614E-03     -0.39496596E-02
  2495.00      0.91306933E-03     -0.40135240E-02
  2500.00      0.98246066E-03     -0.40769207E-02
